1
3
4
5
5
6
8
9
9
10
11
12
12
12
12
13
13
14
14
15
16
16
16
17
18
20
20
20
22
24
25
25
27
28
29
30
30
32
33
33
33
34
34
34
34
35
39
40
41
44
45
45
45
46
47
48
49
51
51
51
52
53
54
60
60
60
61
62
63
63
64
64
65
65
67
67
68
70
71
75
75
77
79
81
81
81
82
82
83
84
84
85
86
87
88
89
89
90
90
90
90
91
92
92
93
93
93
94
94
99
99
100
100
100
102
102
103
103
103
104
104
104
107
107
108
110
110
110
111
111
111
112
113
113
114
114
114
115
115
120
121
124
127
128
128
130
132
132
134
134
134
134
139
142
142
143
143
143
144
145
146
146
147
148
149
149
150
150
151
153
154
154
156
157
159
161
162
162
163
163
165
165
166
167
170
170
171
179
180
181
182
185
186
186
188
188
189
190
190
191
192
192
193
194
195
196
196
196
197
197
197
199
200
200
202
203
204
204
205
205
206
206
206
207
207
210
211
213
217
217
220
221
221
222
223
226
229
230
231
232
233
235
235
236
237
237
239
240
240
240
241
243
244
245
246
248
249
250
250
251
254
254
254
255
255
257
258
258
258
259
259
259
260
260
261
262
264
264
266
266
266
271
272
272
272
273
274
274
275
275
277
278
278
280
280
281
281
283
283
285
286
286
287
289
290
292
292
292
294
295
296
296
297
297
301
302
303
303
303
304
304
304
305
305
306
306
307
308
308
310
310
311
312
312
313
314
321
322
322
323
327
327
328
328
330
331
332
333
333
334
334
335
335
335
336
338
338
339
339
340
340
341
341
342
342
342
343
343
344
344
344
347
347
347
347
348
348
349
350
353
354
354
355
355
357
358
359
359
359
360
360
361
362
363
364
365
366
369
369
372
373
374
376
378
379
379
381
382
384
385
385
385
385
386
387
387
388
389
390
390
390
391
392
393
393
394
395
396
396
397
405
406
408
415
415
415
415
415
416
416
417
417
419
424
424
425
426
426
426
428
428
428
428
428
429
430
433
434
435
436
437
438
440
441
441
441
443
445
447
447
447
448
449
449
449
450
451
451
452
452
452
453
454
455
457
457
458
459
460
462
463
465
466
470
470
475
475
475
477
477
477
481
482
482
483
488
489
491
491
491
492
492
493
495
497
499
499
503
505
505
505
506
506
508
509
510
510
511
513
514
516
517
517
519
522
523
523
526
528
529
529
531
532
532
533
534
536
541
542
542
542
542
543
543
543
543
545
545
546
547
547
547
548
548
548
550
551
551
553
554
555
558
559
559
560
561
562
562
562
563
564
565
565
566
566
567
569
569
570
571
571
572
572
574
575
576
579
581
584
585
586
587
587
588
589
590
592
592
592
596
596
596
596
598
598
599
600
600
602
603
603
604
610
616
616
616
617
617
617
618
619
620
620
620
623
625
625
626
627
629
630
630
631
632
633
633
636
636
636
636
637
637
637
637
639
639
639
640
640
642
643
643
643
644
644
645
646
647
648
650
650
651
652
654
655
656
657
657
659
659
659
660
660
662
664
665
667
667
668
669
671
672
673
673
673
674
674
676
677
679
681
681
682
683
684
684
686
686
688
689
689
690
693
694
695
695
695
696
697
698
698
699
699
701
702
702
703
706
706
706
709
709
710
710
711
712
713
713
714
714
715
716
717
718
718
721
721
721
724
726
727
729
734
736
736
736
737
737
738
740
740
741
745
746
746
747
750
750
751
751
751
752
757
759
759
759
760
760
763
763
764
766
766
766
769
769
770
771
774
774
775
775
776
776
777
777
777
777
778
780
780
780
782
783
784
785
785
785
787
788
789
790
790
792
794
796
797
797
797
798
798
798
800
802
802
804
806
808
811
811
812
812
823
824
825
825
825
826
826
826
826
828
830
830
831
832
834
835
835
835
836
836
837
837
838
838
839
839
839
839
840
840
840
840
841
843
843
843
844
849
850
853
855
855
860
860
861
861
861
862
867
868
868
868
869
871
871
872
872
873
875
875
876
877
878
878
878
879
880
884
885
887
889
890
891
893
893
895
896
898
899
900
904
906
908
910
911
911
913
913
914
918
918
919
919
920
920
920
922
924
925
926
926
930
930
930
931
933
934
934
935
935
936
936
937
937
937
938
941
943
944
944
945
945
946
947
948
953
954
956
957
958
961
961
962
963
963
964
964
965
965
965
965
965
966
966
966
971
971
972
973
974
974
975
976
977
978
979
981
981
981
982
983
983
984
985
985
986
988
989
991
994
998
999
999
1000
1000
1001
1003
1003
1005
1008
1009
1011
1012
1012
1014
1014
1014
1016
1016
1017
1017
1020
1022
1024
1026
1026
1029
1029
1030
1031
1032
1034
1034
1038
1040
1040
1040
1041
1041
1042
1042
1042
1043
1043
1044
1044
1045
1047
1048
1050
1050
1050
1052
1052
1054
1055
1055
1057
1058
1060
1060
1061
1063
1064
1065
1065
1067
1067
1068
1071
1071
1071
1073
1073
1075
1075
1079
1082
1085
1085
1085
1085
1086
1086
1086
1087
1089
1089
1089
1094
1095
1097
1098
1098
1099
1099
1100
1100
1101
1102
1102
1108
1109
1110
1111
1114
1115
1116
1117
1118
1120
1120
1121
1121
1122
1125
1127
1128
1128
1128
1128
1128
1129
1132
1134
1135
1135
1136
1138
1139
1140
1141
1142
1143
1143
1143
1144
1146
1148
1150
1151
1152
1152
1152
1155
1155
1156
1156
1157
1159
1163
1163
1163
1163
1165
1165
1165
1165
1166
1168
1169
1169
1172
1174
1174
1178
1179
1180
1181
1182
1183
1185
1187
1187
1189
1191
1191
1192
1193
1193
1194
1198
1199
1201
1201
1201
1202
1203
1206
1208
1209
1210
1210
1210
1210
1211
1212
1212
1213
1214
1214
1216
1219
1220
1221
1221
1221
1222
1222
1225
1229
1229
1231
1235
1236
1236
1236
1238
1238
1242
1242
1243
1244
1245
1246
1246
1246
1246
1248
1249
1249
1249
1249
1252
1252
1253
1254
1255
1259
1259
1261
1261
1262
1263
1263
1264
1266
1267
1267
1267
1267
1269
1270
1272
1272
1273
1273
1274
1274
1275
1276
1278
1278
1278
1278
1279
1279
1280
1281
1283
1284
1285
1289
1292
1294
1294
1296
1297
1298
1298
1300
1301
1301
1303
1303
1303
1305
1306
1307
1308
1309
1309
1312
1313
1313
1313
1313
1315
1315
1315
1316
1316
1316
1319
1321
1323
1326
1329
1330
1331
1333
1334
1337
1337
1337
1338
1339
1339
1342
1343
1343
1343
1345
1347
1348
1348
1349
1353
1353
1356
1357
1358
1359
1359
1360
1362
1363
1364
1365
1366
1367
1368
1368
1368
1369
1370
1371
1371
1374
1374
1376
1376
1377
1377
1378
1378
1380
1381
1382
1383
1385
1388
1390
1390
1391
1392
1392
1393
1394
1396
1396
1396
1396
1397
1398
1400
1401
1401
1402
1402
1403
1403
1404
1404
1404
1407
1407
1408
1410
1411
1412
1415
1415
1415
1415
1416
1416
1416
1417
1417
1418
1419
1420
1420
1422
1422
1422
1423
1424
1426
1426
1427
1430
1432
1433
1434
1434
1435
1436
1437
1437
1439
1439
1440
1441
1442
1442
1443
1444
1445
1447
1448
1449
1450
1451
1452
1453
1453
1453
1454
1456
1458
1459
1459
1461
1465
1466
1466
1467
1468
1469
1470
1470
1470
1471
1472
1481
1482
1484
1485
1486
1489
1490
1490
1492
1492
1492
1493
1496
1497
1499
1500
1501
1501
1503
1507
1507
1508
1509
1509
1509
1512
1512
1512
1514
1515
1515
1515
1518
1520
1522
1523
1524
1527
1528
1529
1529
1530
1530
1530
1533
1533
1534
1536
1537
1537
1537
1538
1541
1541
1544
1544
1545
1546
1546
1546
1547
1547
1547
1550
1551
1552
1553
1553
1553
1555
1555
1557
1557
1558
1559
1560
1560
1561
1561
1563
1563
1564
1566
1566
1566
1568
1570
1573
1574
1575
1575
1576
1577
1578
1580
1582
1582
1585
1585
1586
1586
1589
1590
1590
1591
1592
1595
1596
1598
1598
1598
1600
1601
1602
1603
1603
1603
1604
1604
1605
1605
1605
1612
1612
1613
1614
1615
1615
1615
1616
1618
1618
1619
1621
1621
1622
1624
1625
1625
1626
1626
1629
1630
1630
1631
1632
1633
1633
1634
1635
1638
1638
1639
1642
1642
1642
1643
1644
1644
1645
1645
1646
1647
1647
1647
1648
1649
1650
1650
1652
1653
1653
1656
1657
1661
1661
1662
1662
1664
1667
1668
1669
1669
1670
1671
1672
1672
1672
1673
1676
1676
1677
1678
1682
1683
1684
1684
1684
1685
1686
1686
1687
1688
1688
1689
1691
1691
1695
1696
1697
1699
1702
1705
1706
1706
1707
1707
1709
1709
1711
1711
1711
1713
1714
1715
1715
1716
1717
1717
1719
1720
1724
1725
1725
1729
1730
1731
1732
1733
1733
1734
1734
1735
1736
1737
1739
1741
1741
1742
1743
1744
1744
1745
1745
1745
1746
1748
1748
1748
1750
1750
1752
1753
1754
1754
1754
1755
1755
1755
1755
1758
1760
1764
1764
1765
1766
1766
1766
1767
1769
1770
1770
1770
1771
1771
1772
1773
1773
1777
1777
1778
1778
1779
1779
1780
1780
1780
1781
1782
1782
1783
1786
1787
1787
1788
1789
1792
1792
1792
1793
1796
1796
1796
1796
1796
1797
1799
1800
1802
1803
1805
1805
1805
1805
1806
1807
1809
1810
1812
1812
1812
1813
1814
1814
1815
1816
1817
1817
1818
1819
1825
1825
1826
1827
1830
1831
1831
1831
1832
1832
1833
1836
1839
1840
1841
1841
1841
1843
1843
1844
1844
1847
1848
1850
1851
1851
1852
1853
1857
1857
1857
1858
1858
1859
1859
1859
1860
1860
1860
1860
1861
1863
1863
1863
1863
1864
1864
1864
1865
1865
1866
1866
1869
1870
1870
1871
1874
1875
1875
1876
1878
1878
1882
1885
1886
1886
1887
1889
1889
1891
1891
1893
1894
1894
1894
1895
1896
1896
1897
1898
1899
1899
1899
1900
1900
1902
1903
1904
1905
1905
1906
1909
1909
1909
1910
1911
1912
1913
1914
1914
1917
1917
1920
1921
1923
1923
1925
1925
1926
1928
1929
1929
1930
1930
1931
1931
1931
1932
1932
1934
1935
1937
1938
1940
1940
1940
1941
1941
1941
1942
1944
1944
1944
1947
1947
1949
1950
1950
1951
1952
1954
1954
1955
1956
1956
1959
1960
1961
1961
1963
1964
1964
1964
1966
1967
1969
1969
1970
1970
1971
1973
1974
1976
1977
1977
1979
1982
1983
1984
1984
1985
1985
1988
1989
1989
1989
1991
1991
1991
1992
1992
1992
1993
1993
1995
1996
1999
2000
2000
2001
2001
2001
2001
2002
2003
2004
2004
2005
2005
2006
2008
2009
2009
2012
2013
2013
2013
2014
2015
2015
2015
2016
2018
2018
2020
2021
2022
2022
2022
2024
2025
2027
2028
2029
2031
2031
2032
2033
2033
2035
2035
2036
2037
2037
2038
2041
2043
2044
2044
2047
2049
2049
2049
2049
2049
2049
2051
2053
2055
2056
2056
2058
2058
2060
2060
2061
2061
2061
2063
2063
2064
2064
2065
2066
2066
2067
2069
2071
2071
2071
2072
2072
2074
2075
2075
2078
2079
2080
2080
2080
2081
2082
2084
2084
2086
2087
2089
2089
2089
2090
2090
2091
2092
2092
2094
2094
2095
2096
2096
2096
2097
2098
2099
2099
2099
2099
2099
2100
2102
2103
2105
2105
2106
2106
2107
2108
2109
2110
2110
2111
2111
2111
2112
2112
2113
2114
2117
2118
2119
2119
2120
2123
2124
2125
2126
2127
2127
2127
2130
2130
2130
2131
2131
2132
2134
2135
2136
2137
2139
2139
2141
2141
2141
2141
2142
2142
2142
2143
2144
2144
2145
2145
2145
2146
2146
2147
2148
2149
2151
2153
2153
2154
2155
2155
2157
2157
2158
2158
2161
2162
2162
2164
2166
2168
2168
2168
2169
2170
2172
2174
2175
2175
2175
2176
2176
2178
2180
2182
2183
2184
2185
2185
2186
2186
2187
2187
2188
2188
2188
2190
2190
2192
2194
2195
2195
2196
2198
2198
2199
2201
2203
2203
2204
2207
2208
2209
2210
2211
2213
2213
2215
2215
2215
2218
2218
2220
2220
2221
2222
2224
2226
2227
2227
2227
2228
2231
2231
2232
2232
2232
2233
2233
2233
2234
2234
2236
2238
2239
2239
2240
2241
2241
2242
2242
2242
2248
2248
2248
2249
2249
2251
2251
2253
2253
2254
2254
2254
2254
2256
2257
2258
2258
2259
2260
2262
2262
2263
2264
2265
2265
2265
2269
2271
2271
2271
2272
2274
2274
2275
2275
2275
2276
2277
2279
2281
2282
2283
2283
2285
2285
2286
2286
2287
2287
2289
2290
2290
2291
2291
2292
2292
2292
2293
2293
2293
2295
2297
2298
2299
2299
2301
2302
2304
2309
2310
2311
2312
2312
2313
2313
2315
2315
2316
2317
2317
2318
2319
2319
2320
2320
2322
2323
2323
2323
2324
2324
2325
2326
2329
2330
2333
2333
2334
2335
2336
2336
2338
2340
2340
2341
2342
2342
2345
2345
2345
2346
2347
2347
2348
2348
2351
2354
2354
2355
2356
2356
2356
2357
2357
2357
2358
2360
2361
2362
2364
2364
2365
2366
2367
2367
2369
2373
2374
2374
2375
2375
2377
2377
2381
2381
2381
2381
2382
2382
2382
2382
2383
2385
2387
2387
2389
2391
2391
2391
2393
2395
2396
2397
2397
2397
2398
2398
2398
2399
2400
2400
2401
2401
2402
2403
2403
2405
2406
2408
2408
2409
2409
2410
2411
2412
2412
2414
2414
2414
2415
2416
2416
2417
2419
2422
2422
2424
2425
2429
2430
2433
2435
2435
2436
2441
2441
2442
2444
2444
2444
2446
2446
2446
2448
2448
2448
2450
2451
2453
2454
2454
2455
2456
2456
2457
2458
2460
2460
2461
2462
2463
2463
2463
2464
2465
2465
2466
2466
2469
2469
2469
2470
2471
2474
2475
2476
2476
2477
2478
2478
2479
2480
2480
2484
2485
2486
2486
2490
2490
2493
2493
2496
2497
2497
2498
2500
2500
2501
2502
2503
2504
2508
2508
2508
2508
2509
2511
2515
2516
2518
2518
2520
2521
2523
2524
2528
2531
2533
2534
2534
2535
2535
2535
2536
2536
2537
2538
2538
2540
2542
2542
2546
2548
2551
2551
2552
2553
2553
2557
2557
2557
2558
2559
2560
2560
2560
2560
2561
2561
2562
2563
2564
2566
2567
2567
2568
2568
2569
2570
2570
2571
2572
2572
2572
2573
2573
2574
2575
2575
2576
2576
2576
2576
2576
2577
2578
2579
2579
2580
2581
2581
2581
2582
2582
2583
2585
2586
2586
2588
2588
2592
2592
2592
2592
2593
2598
2600
2601
2602
2604
2608
2610
2611
2613
2613
2613
2614
2615
2615
2616
2617
2617
2618
2618
2619
2619
2621
2621
2621
2622
2622
2622
2624
2624
2624
2628
2630
2631
2631
2632
2632
2632
2635
2637
2643
2644
2645
2646
2647
2649
2650
2652
2652
2653
2653
2654
2655
2656
2656
2658
2658
2661
2662
2662
2662
2663
2663
2663
2663
2663
2664
2664
2666
2667
2669
2670
2670
2670
2672
2673
2673
2674
2675
2675
2675
2676
2678
2679
2679
2680
2680
2680
2680
2681
2683
2683
2684
2684
2684
2685
2685
2686
2686
2687
2688
2689
2690
2691
2692
2692
2692
2693
2693
2695
2696
2696
2696
2697
2697
2698
2699
2701
2703
2705
2706
2707
2707
2708
2710
2712
2712
2714
2714
2716
2716
2717
2717
2718
2721
2721
2722
2726
2726
2729
2730
2730
2730
2730
2731
2732
2733
2734
2735
2737
2737
2738
2738
2739
2739
2742
2742
2742
2742
2742
2743
2746
2746
2748
2749
2750
2750
2754
2754
2754
2755
2755
2756
2758
2759
2759
2761
2762
2763
2763
2769
2771
2774
2774
2775
2775
2776
2776
2777
2778
2778
2780
2780
2781
2782
2784
2785
2785
2786
2787
2787
2788
2789
2790
2791
2791
2791
2792
2795
2797
2799
2800
2801
2802
2805
2806
2806
2807
2808
2809
2809
2809
2810
2811
2812
2812
2812
2813
2814
2814
2814
2815
2815
2816
2816
2817
2818
2818
2818
2819
2821
2823
2825
2826
2827
2828
2830
2831
2831
2832
2833
2835
2835
2836
2837
2838
2839
2841
2842
2843
2844
2845
2847
2847
2848
2848
2849
2850
2851
2852
2854
2855
2855
2859
2859
2861
2862
2863
2864
2865
2866
2866
2869
2869
2870
2872
2873
2874
2876
2876
2877
2877
2877
2878
2878
2879
2879
2879
2879
2879
2880
2881
2883
2884
2884
2885
2887
2887
2888
2889
2891
2891
2892
2893
2893
2894
2895
2896
2898
2899
2903
2903
2903
2904
2905
2905
2906
2907
2907
2909
2910
2911
2913
2916
2918
2919
2920
2920
2922
2922
2922
2922
2922
2923
2924
2925
2925
2926
2929
2931
2932
2933
2933
2935
2936
2937
2937
2938
2941
2941
2942
2943
2944
2944
2945
2945
2946
2947
2947
2950
2950
2950
2952
2952
2952
2953
2954
2955
2955
2957
2959
2959
2959
2960
2961
2963
2963
2964
2965
2965
2966
2966
2967
2968
2969
2969
2970
2971
2971
2978
2979
2980
2982
2983
2984
2990
2992
2992
2993
2993
2993
2994
2994
2995
2996
2997
2999
2999
2999
2999
3006
3008
3009
3009
3010
3010
3010
3016
3019
3020
3021
3022
3022
3022
3023
3023
3026
3026
3028
3033
3036
3037
3037
3040
3041
3043
3043
3044
3045
3045
3045
3045
3045
3045
3046
3047
3047
3048
3049
3050
3050
3052
3053
3054
3054
3055
3056
3057
3057
3059
3059
3059
3061
3061
3066
3066
3071
3072
3073
3073
3074
3074
3074
3074
3074
3076
3076
3077
3077
3078
3079
3081
3082
3083
3083
3083
3084
3088
3088
3088
3089
3089
3089
3090
3090
3091
3091
3091
3092
3095
3095
3096
3100
3101
3101
3101
3101
3103
3109
3110
3111
3113
3114
3115
3115
3116
3118
3119
3121
3121
3122
3122
3122
3124
3124
3124
3127
3127
3129
3132
3133
3133
3137
3138
3139
3139
3139
3142
3143
3144
3149
3149
3151
3153
3153
3153
3154
3154
3155
3156
3157
3157
3157
3158
3159
3159
3161
3163
3165
3168
3169
3171
3173
3174
3175
3176
3176
3177
3178
3179
3181
3182
3186
3187
3188
3188
3189
3189
3189
3190
3190
3191
3194
3194
3195
3196
3196
3197
3197
3198
3203
3204
3204
3205
3206
3207
3207
3209
3209
3210
3210
3211
3211
3213
3214
3215
3216
3217
3217
3218
3219
3222
3224
3224
3225
3225
3225
3225
3227
3227
3230
3230
3231
3231
3231
3232
3232
3233
3233
3234
3234
3235
3236
3237
3239
3241
3242
3243
3245
3248
3248
3248
3248
3249
3253
3254
3255
3255
3256
3256
3256
3257
3263
3263
3265
3266
3267
3267
3268
3269
3269
3269
3271
3272
3272
3274
3274
3275
3275
3275
3277
3277
3277
3278
3280
3280
3282
3282
3286
3287
3287
3288
3290
3291
3292
3293
3293
3293
3293
3295
3295
3296
3297
3298
3298
3299
3299
3301
3303
3304
3304
3306
3306
3308
3308
3310
3318
3318
3321
3321
3322
3323
3324
3324
3324
3325
3327
3331
3333
3333
3334
3335
3336
3337
3340
3341
3342
3342
3342
3343
3344
3345
3346
3346
3347
3348
3349
3350
3350
3350
3351
3351
3352
3352
3356
3356
3357
3358
3358
3359
3360
3361
3362
3365
3365
3366
3367
3369
3370
3373
3376
3376
3376
3377
3379
3382
3382
3383
3384
3385
3386
3386
3388
3388
3388
3388
3389
3390
3390
3390
3392
3393
3394
3396
3398
3399
3399
3401
3402
3403
3404
3410
3411
3412
3413
3413
3413
3414
3414
3415
3415
3416
3417
3419
3419
3419
3420
3422
3422
3423
3424
3424
3425
3426
3428
3431
3431
3434
3434
3434
3435
3435
3438
3439
3439
3440
3440
3442
3443
3443
3445
3445
3448
3450
3451
3456
3458
3458
3459
3460
3460
3461
3461
3462
3462
3463
3463
3464
3464
3464
3464
3465
3466
3467
3471
3471
3473
3474
3475
3476
3479
3481
3481
3481
3484
3487
3488
3488
3489
3490
3491
3493
3494
3495
3495
3495
3495
3496
3496
3496
3497
3498
3500
3501
3501
3503
3503
3504
3504
3504
3505
3508
3510
3511
3512
3515
3517
3517
3518
3518
3524
3524
3525
3526
3527
3528
3529
3530
3535
3536
3542
3542
3542
3543
3544
3544
3545
3545
3545
3547
3547
3548
3550
3550
3551
3553
3553
3554
3555
3558
3558
3559
3560
3561
3561
3563
3563
3563
3565
3567
3568
3568
3568
3569
3570
3572
3573
3573
3574
3577
3577
3578
3578
3581
3583
3584
3585
3585
3586
3586
3586
3587
3588
3589
3590
3591
3596
3596
3599
3601
3601
3601
3604
3605
3605
3605
3605
3606
3606
3607
3607
3608
3608
3609
3610
3610
3610
3611
3612
3612
3613
3615
3617
3619
3621
3622
3625
3626
3627
3627
3632
3633
3635
3636
3638
3639
3641
3642
3642
3643
3643
3644
3645
3646
3646
3646
3648
3648
3649
3649
3649
3649
3651
3651
3654
3655
3657
3658
3658
3659
3661
3661
3662
3664
3665
3665
3669
3670
3672
3672
3673
3675
3676
3677
3679
3679
3680
3680
3683
3684
3684
3686
3687
3688
3689
3690
3691
3692
3694
3695
3695
3695
3701
3702
3702
3703
3706
3706
3707
3710
3710
3711
3712
3712
3713
3714
3715
3717
3718
3718
3719
3719
3720
3720
3722
3724
3727
3727
3728
3729
3730
3732
3733
3733
3733
3735
3736
3742
3746
3746
3746
3747
3747
3747
3748
3749
3750
3750
3751
3751
3752
3755
3755
3757
3758
3758
3759
3760
3761
3762
3762
3764
3765
3767
3767
3767
3768
3769
3769
3769
3772
3775
3775
3776
3777
3778
3780
3782
3788
3788
3789
3790
3790
3791
3791
3794
3794
3794
3795
3795
3795
3795
3796
3796
3796
3797
3798
3798
3799
3799
3799
3801
3801
3801
3803
3804
3806
3806
3809
3812
3813
3815
3816
3819
3819
3820
3820
3821
3822
3822
3823
3823
3823
3824
3825
3825
3827
3828
3829
3830
3830
3831
3832
3835
3835
3837
3838
3838
3841
3844
3846
3848
3848
3851
3856
3857
3859
3859
3859
3860
3861
3861
3862
3863
3863
3865
3867
3868
3868
3868
3868
3870
3871
3871
3874
3874
3876
3877
3877
3879
3879
3880
3880
3881
3881
3882
3884
3885
3886
3888
3888
3889
3890
3890
3891
3891
3892
3892
3893
3895
3896
3896
3897
3898
3898
3898
3899
3899
3899
3899
3899
3900
3900
3901
3902
3903
3903
3904
3905
3905
3906
3906
3906
3907
3907
3908
3908
3909
3909
3910
3910
3910
3910
3915
3915
3916
3916
3916
3917
3917
3918
3918
3919
3919
3920
3922
3924
3925
3925
3925
3926
3927
3927
3928
3929
3930
3931
3931
3932
3932
3933
3935
3936
3937
3937
3939
3939
3939
3940
3940
3944
3944
3945
3945
3947
3948
3951
3952
3953
3953
3953
3955
3957
3958
3958
3958
3959
3959
3963
3966
3966
3968
3970
3971
3973
3976
3976
3977
3980
3983
3983
3983
3984
3985
3986
3987
3987
3988
3988
3989
3991
3991
3992
3992
3992
3994
3996
3997
3998
4000
4001
4003
4004
4006
4006
4007
4007
4008
4009
4012
4012
4014
4014
4014
4016
4017
4017
4019
4025
4025
4025
4030
4030
4031
4031
4032
4033
4034
4036
4036
4036
4038
4039
4040
4041
4046
4046
4047
4048
4049
4050
4050
4053
4053
4053
4054
4054
4054
4055
4056
4057
4058
4058
4060
4060
4060
4062
4063
4064
4064
4064
4064
4065
4065
4066
4066
4067
4068
4072
4072
4074
4075
4077
4077
4077
4080
4083
4083
4083
4084
4086
4087
4087
4088
4088
4091
4093
4096
4097
4097
4097
4097
4098
4098
4099
4099
4103
4103
4104
4105
4106
4107
4107
4109
4116
4117
4119
4123
4124
4124
4125
4126
4129
4131
4131
4131
4134
4137
4138
4140
4140
4141
4142
4142
4143
4143
4143
4143
4145
4145
4148
4148
4149
4151
4151
4151
4153
4153
4154
4155
4155
4156
4161
4162
4164
4164
4165
4166
4168
4174
4176
4176
4176
4176
4177
4178
4183
4183
4184
4184
4185
4186
4187
4187
4187
4188
4188
4195
4196
4196
4197
4197
4199
4199
4200
4200
4202
4206
4206
4208
4210
4212
4212
4213
4213
4214
4214
4215
4216
4217
4218
4218
4218
4219
4220
4220
4221
4221
4225
4226
4226
4226
4227
4227
4227
4228
4228
4229
4229
4229
4230
4230
4230
4230
4234
4237
4237
4238
4238
4240
4240
4241
4242
4242
4243
4243
4244
4245
4248
4248
4250
4250
4251
4252
4252
4252
4254
4255
4257
4257
4258
4259
4260
4260
4261
4261
4262
4262
4262
4263
4266
4266
4267
4267
4269
4269
4269
4270
4271
4271
4272
4274
4274
4274
4275
4275
4279
4282
4282
4282
4284
4284
4284
4285
4285
4286
4286
4287
4288
4288
4288
4288
4288
4288
4290
4290
4291
4291
4292
4293
4294
4294
4295
4295
4297
4298
4302
4302
4302
4305
4305
4306
4306
4306
4307
4308
4309
4313
4316
4319
4320
4321
4322
4324
4324
4325
4325
4325
4326
4326
4327
4327
4327
4328
4329
4330
4331
4331
4331
4332
4334
4334
4335
4335
4336
4336
4336
4339
4341
4342
4343
4343
4344
4346
4347
4347
4348
4349
4354
4354
4357
4357
4361
4362
4367
4368
4368
4369
4369
4371
4371
4372
4373
4373
4373
4375
4376
4376
4377
4378
4378
4379
4379
4379
4380
4381
4381
4382
4384
4384
4385
4386
4386
4387
4388
4390
4391
4393
4395
4396
4396
4400
4400
4403
4404
4404
4405
4405
4406
4410
4410
4411
4414
4416
4418
4418
4420
4422
4422
4423
4423
4423
4426
4426
4426
4427
4427
4427
4428
4431
4432
4433
4434
4434
4435
4436
4438
4438
4440
4441
4442
4443
4444
4445
4446
4447
4448
4448
4448
4452
4453
4453
4453
4454
4456
4458
4458
4460
4460
4461
4461
4467
4468
4469
4469
4471
4471
4472
4474
4474
4475
4475
4475
4476
4476
4476
4477
4478
4479
4479
4480
4481
4481
4483
4484
4485
4486
4488
4490
4490
4491
4492
4493
4493
4494
4495
4500
4501
4502
4504
4506
4510
4512
4512
4513
4513
4516
4517
4517
4518
4518
4519
4520
4521
4522
4522
4523
4524
4525
4530
4530
4534
4535
4537
4538
4541
4541
4542
4543
4544
4544
4545
4546
4546
4547
4548
4552
4553
4554
4554
4555
4557
4557
4558
4558
4560
4562
4563
4563
4570
4570
4570
4571
4572
4573
4573
4574
4575
4576
4577
4579
4581
4581
4582
4584
4586
4586
4586
4587
4588
4588
4588
4589
4589
4589
4589
4590
4591
4591
4593
4593
4593
4593
4594
4595
4595
4595
4597
4598
4598
4601
4608
4610
4611
4613
4615
4617
4618
4618
4621
4622
4622
4622
4623
4623
4625
4627
4628
4628
4629
4629
4631
4632
4634
4635
4637
4638
4639
4641
4641
4645
4646
4647
4649
4649
4649
4650
4651
4653
4653
4653
4654
4654
4654
4655
4659
4659
4659
4662
4663
4663
4664
4665
4665
4666
4670
4672
4672
4673
4675
4675
4679
4680
4681
4682
4682
4683
4684
4685
4687
4687
4688
4688
4689
4690
4691
4691
4691
4691
4691
4693
4693
4694
4697
4698
4698
4699
4700
4700
4702
4703
4705
4706
4706
4706
4707
4707
4708
4708
4709
4711
4712
4714
4715
4715
4716
4716
4717
4720
4725
4725
4725
4726
4726
4727
4728
4728
4729
4730
4731
4731
4734
4735
4736
4736
4736
4737
4737
4738
4738
4740
4741
4742
4743
4743
4744
4745
4746
4748
4748
4748
4749
4750
4752
4753
4754
4754
4756
4758
4758
4758
4758
4759
4759
4760
4762
4764
4766
4768
4768
4770
4770
4771
4773
4773
4774
4776
4777
4779
4781
4781
4782
4785
4786
4786
4787
4788
4789
4789
4792
4793
4796
4798
4799
4800
4801
4802
4803
4804
4806
4807
4807
4807
4811
4811
4811
4812
4814
4814
4815
4815
4816
4816
4817
4818
4818
4819
4819
4819
4820
4820
4822
4823
4825
4825
4826
4826
4827
4828
4832
4834
4836
4837
4837
4838
4840
4840
4840
4840
4841
4841
4842
4844
4844
4845
4846
4846
4848
4849
4849
4849
4852
4852
4853
4855
4857
4857
4861
4862
4863
4863
4863
4865
4865
4865
4865
4867
4868
4868
4869
4869
4872
4872
4872
4873
4873
4873
4876
4877
4877
4877
4879
4880
4880
4881
4882
4882
4882
4882
4883
4884
4891
4892
4893
4894
4895
4895
4896
4896
4898
4898
4899
4900
4900
4904
4904
4905
4907
4907
4909
4910
4910
4910
4912
4912
4912
4913
4913
4914
4914
4914
4917
4918
4920
4921
4922
4923
4925
4925
4927
4928
4930
4931
4932
4934
4935
4935
4938
4938
4938
4942
4944
4944
4945
4945
4946
4949
4950
4950
4952
4955
4958
4961
4962
4962
4963
4964
4965
4966
4966
4967
4968
4970
4971
4972
4973
4973
4973
4975
4975
4976
4978
4979
4979
4980
4981
4981
4982
4982
4982
4984
4987
4988
4992
4992
4993
4993
4994
4996
4996
4998
4999
5000
5002
5002
5003
5004
5004
5005
5006
5007
5008
5013
5013
5013
5014
5015
5018
5020
5020
5020
5020
5021
5021
5023
5023
5023
5025
5027
5029
5030
5030
5031
5031
5032
5032
5032
5034
5034
5034
5037
5037
5039
5040
5042
5043
5044
5044
5044
5045
5045
5047
5048
5048
5049
5049
5049
5050
5053
5053
5054
5058
5058
5058
5060
5061
5061
5062
5063
5064
5065
5065
5065
5066
5066
5068
5069
5070
5071
5071
5072
5074
5077
5077
5078
5078
5082
5084
5085
5086
5086
5086
5087
5087
5087
5090
5090
5090
5090
5092
5092
5093
5094
5097
5098
5099
5099
5100
5101
5101
5102
5102
5103
5103
5103
5103
5103
5103
5104
5105
5105
5107
5109
5112
5113
5113
5114
5115
5115
5115
5116
5117
5117
5117
5118
5118
5119
5122
5124
5126
5127
5127
5129
5129
5131
5131
5132
5133
5134
5134
5136
5137
5142
5143
5144
5144
5145
5145
5145
5146
5147
5147
5148
5149
5151
5154
5156
5156
5158
5161
5162
5162
5162
5163
5164
5164
5166
5168
5169
5170
5170
5170
5171
5172
5173
5174
5174
5175
5176
5177
5177
5180
5180
5183
5184
5185
5187
5187
5188
5188
5189
5191
5194
5198
5199
5202
5204
5204
5210
5211
5212
5213
5215
5216
5216
5218
5219
5220
5221
5221
5221
5221
5221
5222
5222
5223
5225
5225
5226
5227
5228
5229
5230
5235
5236
5238
5238
5239
5240
5242
5246
5247
5247
5248
5248
5248
5248
5248
5251
5252
5252
5253
5254
5254
5254
5254
5255
5256
5256
5256
5258
5259
5260
5261
5262
5263
5264
5264
5265
5267
5269
5270
5270
5274
5274
5274
5275
5275
5277
5277
5277
5278
5278
5278
5283
5284
5285
5287
5287
5287
5287
5288
5291
5291
5291
5292
5293
5294
5296
5296
5299
5300
5301
5303
5303
5305
5308
5308
5308
5308
5308
5308
5309
5309
5310
5311
5313
5313
5314
5318
5318
5320
5322
5323
5324
5325
5325
5325
5327
5327
5327
5327
5328
5329
5330
5331
5331
5331
5333
5334
5334
5336
5337
5337
5337
5337
5339
5339
5340
5340
5341
5342
5342
5342
5343
5344
5345
5345
5346
5347
5347
5348
5350
5350
5350
5351
5353
5353
5355
5355
5356
5358
5359
5359
5360
5364
5365
5367
5367
5369
5370
5370
5371
5373
5373
5374
5376
5379
5379
5379
5379
5380
5381
5381
5383
5384
5385
5387
5389
5393
5393
5394
5394
5394
5395
5396
5396
5397
5397
5397
5398
5399
5401
5402
5403
5403
5404
5404
5404
5406
5407
5409
5412
5413
5415
5416
5416
5416
5418
5418
5419
5422
5422
5425
5426
5429
5429
5432
5433
5434
5434
5435
5436
5436
5438
5438
5439
5441
5441
5442
5442
5443
5445
5447
5447
5447
5449
5449
5450
5451
5451
5453
5454
5455
5458
5458
5458
5458
5460
5460
5461
5462
5464
5464
5466
5466
5467
5467
5470
5472
5472
5472
5473
5473
5473
5476
5476
5478
5480
5480
5481
5482
5483
5484
5484
5485
5485
5485
5486
5486
5488
5490
5490
5491
5494
5495
5496
5499
5499
5499
5500
5501
5501
5501
5503
5503
5504
5505
5506
5506
5508
5514
5515
5517
5517
5520
5521
5522
5522
5522
5523
5523
5524
5524
5525
5525
5525
5527
5527
5529
5532
5532
5534
5535
5535
5537
5539
5540
5541
5541
5541
5542
5542
5542
5542
5542
5542
5543
5543
5544
5545
5546
5547
5550
5552
5553
5553
5553
5554
5555
5555
5556
5556
5558
5559
5560
5562
5563
5564
5564
5566
5566
5567
5567
5568
5569
5570
5572
5572
5573
5573
5573
5577
5577
5577
5578
5578
5581
5581
5582
5584
5588
5589
5591
5591
5593
5593
5593
5595
5595
5597
5599
5599
5602
5603
5604
5606
5606
5607
5608
5608
5610
5610
5614
5616
5616
5616
5617
5617
5617
5618
5620
5620
5620
5625
5626
5629
5629
5630
5630
5631
5634
5636
5637
5637
5638
5639
5641
5642
5643
5644
5647
5647
5647
5648
5649
5650
5650
5650
5651
5652
5653
5653
5654
5655
5656
5657
5657
5658
5660
5664
5665
5667
5667
5669
5669
5669
5670
5670
5670
5671
5671
5673
5674
5674
5674
5676
5680
5682
5685
5686
5686
5686
5687
5690
5691
5691
5693
5694
5695
5696
5696
5696
5698
5699
5701
5702
5704
5704
5704
5705
5706
5707
5707
5708
5711
5713
5714
5714
5714
5718
5718
5718
5718
5719
5719
5720
5720
5720
5721
5723
5724
5727
5727
5727
5728
5728
5728
5731
5732
5732
5734
5734
5735
5736
5736
5736
5736
5737
5737
5738
5740
5740
5743
5743
5743
5744
5744
5745
5746
5746
5746
5746
5748
5752
5752
5753
5754
5756
5759
5761
5761
5761
5761
5761
5762
5762
5763
5763
5763
5764
5764
5764
5766
5766
5768
5768
5771
5771
5772
5775
5776
5776
5776
5776
5778
5779
5781
5783
5786
5789
5790
5791
5791
5791
5791
5794
5795
5796
5796
5798
5799
5800
5802
5802
5802
5802
5802
5804
5805
5805
5805
5806
5807
5808
5809
5810
5810
5813
5813
5815
5816
5816
5817
5817
5818
5820
5820
5820
5821
5823
5824
5824
5824
5825
5826
5826
5827
5828
5829
5829
5829
5830
5832
5833
5834
5835
5836
5837
5837
5837
5837
5841
5841
5841
5843
5846
5847
5849
5849
5850
5850
5851
5852
5854
5855
5855
5855
5856
5856
5859
5862
5863
5863
5864
5864
5864
5868
5870
5871
5871
5872
5872
5875
5875
5875
5875
5876
5876
5877
5877
5880
5880
5880
5884
5885
5885
5886
5886
5889
5889
5889
5890
5892
5893
5896
5897
5897
5898
5899
5899
5900
5900
5900
5901
5902
5902
5902
5907
5907
5909
5910
5911
5912
5913
5914
5914
5916
5918
5919
5920
5922
5922
5923
5924
5924
5924
5924
5925
5927
5928
5928
5928
5930
5932
5933
5933
5933
5935
5937
5937
5940
5941
5941
5941
5941
5943
5944
5944
5946
5946
5947
5947
5952
5952
5952
5952
5953
5954
5955
5956
5957
5960
5960
5961
5961
5963
5963
5966
5967
5967
5968
5970
5971
5973
5975
5977
5978
5980
5981
5981
5982
5982
5983
5984
5985
5986
5986
5986
5987
5988
5988
5990
5991
5994
5994
5995
5995
6000
6001
6001
6003
6004
6005
6006
6006
6006
6009
6009
6011
6011
6013
6014
6015
6015
6017
6021
6021
6021
6024
6025
6026
6027
6027
6027
6027
6027
6031
6031
6032
6032
6034
6035
6035
6035
6036
6036
6037
6037
6037
6038
6038
6039
6039
6040
6041
6042
6042
6044
6045
6046
6050
6051
6051
6053
6054
6054
6056
6057
6057
6057
6057
6058
6059
6061
6061
6062
6062
6066
6066
6066
6067
6069
6070
6070
6071
6072
6073
6073
6074
6074
6074
6074
6076
6076
6077
6079
6079
6079
6081
6081
6082
6082
6084
6085
6087
6088
6089
6089
6090
6090
6090
6091
6091
6092
6092
6092
6093
6094
6094
6094
6094
6097
6098
6099
6099
6100
6100
6101
6101
6103
6103
6104
6109
6109
6110
6110
6111
6111
6112
6112
6114
6115
6116
6117
6118
6119
6123
6124
6124
6124
6125
6125
6125
6125
6127
6128
6128
6132
6132
6133
6135
6135
6135
6138
6138
6139
6139
6140
6140
6140
6142
6143
6144
6144
6144
6144
6144
6146
6147
6150
6150
6151
6151
6152
6153
6154
6155
6158
6158
6159
6159
6160
6160
6160
6160
6161
6162
6163
6164
6165
6167
6167
6169
6169
6172
6173
6173
6175
6175
6176
6178
6183
6187
6187
6189
6190
6192
6192
6193
6194
6196
6196
6200
6201
6201
6204
6206
6206
6206
6207
6208
6209
6209
6210
6210
6210
6211
6213
6213
6214
6215
6217
6218
6219
6220
6220
6221
6222
6223
6223
6223
6224
6224
6226
6230
6231
6233
6233
6235
6235
6236
6237
6237
6238
6242
6244
6246
6247
6247
6247
6248
6250
6251
6253
6253
6254
6254
6256
6257
6257
6257
6258
6258
6260
6262
6262
6265
6266
6266
6268
6268
6268
6269
6271
6271
6273
6276
6276
6277
6277
6278
6278
6279
6283
6284
6285
6285
6286
6287
6287
6288
6291
6291
6293
6293
6294
6298
6298
6300
6301
6302
6302
6303
6306
6306
6306
6307
6308
6309
6309
6310
6311
6311
6313
6314
6315
6318
6318
6318
6318
6320
6321
6321
6321
6323
6323
6324
6325
6329
6330
6331
6336
6337
6337
6341
6341
6341
6342
6343
6343
6344
6345
6347
6347
6349
6350
6352
6353
6353
6354
6355
6356
6357
6358
6358
6359
6359
6360
6363
6363
6364
6365
6365
6367
6368
6368
6370
6370
6371
6371
6374
6374
6374
6377
6378
6379
6379
6379
6380
6383
6384
6388
6392
6395
6397
6397
6398
6399
6401
6401
6401
6402
6403
6403
6406
6406
6406
6407
6407
6408
6408
6409
6409
6410
6411
6411
6412
6412
6412
6414
6415
6416
6417
6417
6420
6421
6421
6421
6423
6426
6426
6430
6431
6434
6435
6437
6440
6442
6442
6443
6443
6445
6446
6446
6447
6448
6449
6450
6450
6450
6453
6453
6453
6453
6454
6455
6460
6461
6463
6465
6466
6469
6470
6470
6471
6472
6474
6475
6476
6477
6478
6478
6480
6481
6482
6483
6484
6485
6486
6487
6492
6493
6493
6494
6494
6494
6494
6496
6497
6497
6498
6499
6500
6500
6500
6500
6501
6502
6502
6505
6508
6508
6509
6511
6511
6512
6513
6513
6515
6516
6517
6521
6523
6524
6524
6524
6525
6526
6528
6528
6530
6530
6531
6531
6532
6532
6533
6534
6535
6536
6537
6538
6539
6541
6542
6543
6543
6546
6547
6551
6551
6551
6552
6552
6552
6553
6554
6556
6556
6558
6559
6559
6561
6562
6562
6569
6570
6570
6571
6571
6573
6573
6573
6576
6576
6578
6579
6583
6585
6587
6588
6588
6590
6591
6592
6595
6595
6596
6596
6597
6601
6602
6604
6604
6605
6605
6606
6610
6613
6613
6614
6615
6619
6619
6619
6620
6621
6623
6627
6627
6628
6629
6632
6632
6633
6635
6635
6636
6638
6638
6639
6639
6641
6643
6644
6645
6646
6647
6649
6649
6649
6650
6651
6652
6653
6654
6656
6657
6659
6660
6661
6662
6666
6666
6668
6669
6670
6671
6671
6672
6673
6673
6674
6677
6677
6678
6679
6681
6681
6682
6682
6683
6684
6685
6685
6687
6687
6688
6688
6688
6689
6691
6691
6693
6695
6695
6697
6698
6699
6702
6707
6707
6707
6707
6708
6709
6710
6710
6712
6713
6714
6715
6716
6717
6717
6722
6726
6726
6726
6728
6728
6729
6730
6733
6733
6734
6736
6738
6739
6740
6740
6740
6741
6742
6743
6745
6747
6747
6747
6748
6748
6750
6751
6751
6751
6752
6755
6756
6759
6759
6760
6760
6761
6761
6762
6763
6764
6765
6765
6765
6765
6766
6767
6768
6769
6769
6771
6771
6772
6772
6773
6773
6773
6776
6780
6780
6780
6781
6783
6783
6784
6787
6787
6787
6789
6789
6790
6790
6791
6792
6795
6796
6797
6798
6799
6801
6802
6804
6804
6804
6807
6807
6807
6809
6810
6811
6812
6812
6812
6814
6815
6816
6817
6818
6819
6819
6821
6823
6825
6828
6828
6829
6830
6831
6833
6834
6835
6836
6839
6839
6839
6844
6844
6844
6844
6845
6845
6845
6846
6847
6848
6849
6850
6850
6850
6854
6856
6857
6857
6857
6858
6859
6860
6860
6861
6861
6861
6864
6868
6871
6872
6872
6873
6874
6874
6877
6878
6879
6879
6880
6880
6880
6881
6882
6882
6883
6885
6886
6887
6887
6888
6889
6889
6891
6892
6894
6895
6897
6898
6898
6899
6899
6899
6902
6904
6904
6904
6905
6906
6909
6910
6911
6913
6913
6914
6914
6915
6915
6917
6917
6918
6918
6920
6920
6922
6923
6923
6923
6924
6925
6925
6927
6929
6930
6931
6931
6931
6932
6932
6933
6933
6934
6935
6935
6937
6937
6939
6939
6939
6940
6941
6941
6942
6946
6946
6946
6950
6950
6953
6953
6954
6955
6957
6957
6958
6958
6959
6960
6960
6961
6961
6962
6962
6963
6963
6964
6965
6965
6966
6967
6967
6968
6970
6971
6974
6975
6978
6979
6979
6979
6980
6980
6981
6982
6983
6984
6985
6986
6987
6988
6989
6990
6990
6991
6991
6992
6992
6992
6994
6994
6996
6996
6997
6998
7000
7001
7001
7001
7003
7004
7006
7006
7008
7008
7009
7010
7010
7011
7012
7013
7014
7014
7014
7015
7018
7018
7021
7022
7023
7024
7027
7028
7029
7029
7030
7031
7031
7032
7033
7033
7034
7035
7035
7036
7036
7036
7038
7039
7040
7040
7041
7043
7043
7046
7046
7046
7049
7049
7051
7051
7051
7052
7052
7055
7055
7057
7058
7059
7059
7059
7061
7061
7063
7066
7066
7066
7066
7068
7069
7071
7071
7072
7074
7076
7077
7077
7078
7079
7079
7080
7080
7081
7083
7087
7087
7088
7088
7088
7089
7089
7090
7090
7090
7091
7091
7093
7093
7093
7094
7094
7096
7097
7098
7099
7100
7100
7102
7103
7103
7103
7105
7106
7109
7112
7112
7115
7117
7119
7119
7121
7123
7124
7125
7125
7125
7126
7128
7128
7129
7129
7129
7131
7131
7131
7132
7132
7133
7134
7135
7135
7136
7137
7137
7137
7137
7137
7139
7140
7142
7142
7142
7144
7145
7146
7147
7148
7150
7151
7152
7153
7153
7157
7161
7164
7166
7166
7167
7167
7170
7170
7171
7172
7173
7173
7173
7175
7178
7178
7179
7180
7180
7180
7181
7184
7185
7185
7186
7186
7187
7188
7188
7189
7189
7189
7190
7190
7193
7194
7195
7195
7195
7196
7197
7197
7198
7199
7200
7202
7202
7204
7206
7206
7208
7209
7209
7210
7210
7211
7212
7213
7215
7216
7217
7217
7219
7219
7219
7220
7221
7221
7222
7224
7225
7225
7225
7227
7228
7228
7229
7230
7230
7230
7230
7231
7231
7234
7234
7235
7236
7236
7236
7237
7238
7240
7240
7243
7245
7246
7249
7250
7250
7251
7252
7252
7252
7253
7254
7254
7255
7256
7257
7257
7259
7260
7260
7261
7263
7267
7267
7268
7268
7268
7269
7269
7269
7271
7271
7272
7272
7273
7273
7276
7276
7277
7279
7279
7280
7280
7286
7286
7287
7287
7288
7288
7291
7292
7293
7294
7294
7295
7301
7302
7304
7305
7306
7306
7309
7309
7310
7310
7311
7311
7312
7314
7315
7316
7316
7317
7317
7317
7317
7318
7318
7320
7321
7322
7323
7324
7325
7327
7328
7328
7331
7332
7335
7336
7336
7337
7339
7340
7341
7342
7343
7343
7344
7345
7347
7347
7348
7353
7354
7354
7354
7356
7356
7358
7358
7359
7359
7360
7360
7360
7361
7361
7362
7362
7362
7363
7364
7364
7364
7365
7365
7368
7368
7370
7370
7371
7371
7372
7373
7374
7374
7374
7376
7378
7378
7380
7385
7386
7386
7386
7386
7388
7388
7390
7390
7391
7391
7392
7393
7395
7395
7396
7397
7398
7401
7401
7403
7404
7410
7411
7411
7411
7413
7415
7416
7416
7417
7420
7421
7421
7422
7422
7423
7423
7424
7424
7427
7429
7429
7430
7432
7437
7437
7437
7438
7440
7442
7442
7443
7443
7445
7447
7448
7448
7451
7451
7452
7453
7453
7458
7459
7459
7461
7462
7462
7463
7463
7464
7467
7468
7469
7469
7470
7470
7472
7472
7472
7473
7473
7473
7474
7475
7475
7476
7478
7478
7480
7480
7480
7481
7483
7486
7488
7489
7490
7491
7491
7491
7491
7491
7496
7497
7497
7498
7498
7499
7500
7500
7502
7505
7505
7506
7507
7508
7512
7512
7512
7512
7513
7514
7516
7517
7517
7520
7520
7522
7522
7523
7524
7525
7527
7528
7529
7530
7533
7534
7534
7534
7535
7536
7536
7537
7537
7538
7538
7539
7539
7539
7541
7541
7541
7542
7542
7543
7543
7544
7544
7544
7545
7546
7546
7548
7548
7551
7551
7554
7554
7555
7556
7556
7557
7557
7560
7560
7561
7561
7561
7562
7562
7564
7565
7567
7567
7567
7567
7568
7568
7570
7570
7570
7571
7576
7576
7576
7577
7578
7578
7579
7580
7582
7582
7583
7585
7586
7587
7587
7589
7590
7593
7595
7596
7598
7599
7603
7604
7604
7607
7608
7608
7608
7609
7610
7610
7611
7611
7612
7613
7613
7614
7615
7615
7618
7619
7619
7622
7626
7627
7629
7631
7631
7631
7634
7634
7635
7637
7637
7638
7638
7638
7642
7643
7645
7645
7645
7646
7647
7649
7649
7649
7649
7649
7650
7652
7652
7652
7653
7654
7656
7660
7661
7662
7665
7665
7665
7667
7669
7669
7671
7673
7675
7677
7678
7682
7684
7684
7685
7685
7688
7690
7691
7691
7693
7694
7697
7697
7700
7700
7701
7703
7704
7704
7706
7708
7709
7709
7710
7711
7711
7713
7714
7715
7716
7716
7720
7720
7720
7722
7724
7725
7725
7726
7727
7728
7730
7730
7731
7732
7734
7734
7735
7736
7736
7737
7739
7744
7746
7747
7750
7750
7752
7752
7753
7755
7756
7758
7759
7759
7761
7761
7762
7764
7764
7765
7765
7765
7766
7767
7769
7770
7772
7772
7772
7773
7774
7775
7775
7776
7777
7778
7778
7778
7779
7780
7782
7783
7787
7788
7789
7790
7791
7793
7794
7794
7795
7797
7797
7800
7802
7802
7802
7802
7802
7804
7804
7805
7806
7806
7808
7810
7812
7812
7812
7813
7814
7814
7814
7816
7817
7817
7817
7820
7821
7823
7823
7825
7826
7827
7827
7828
7828
7829
7830
7831
7834
7834
7835
7835
7836
7837
7837
7841
7841
7843
7843
7844
7846
7846
7846
7847
7848
7848
7849
7852
7852
7854
7854
7855
7856
7856
7858
7859
7859
7860
7863
7864
7865
7866
7867
7868
7868
7868
7868
7869
7869
7869
7871
7871
7872
7872
7874
7874
7875
7877
7877
7877
7878
7881
7882
7883
7884
7885
7885
7886
7888
7892
7893
7893
7894
7896
7898
7899
7900
7901
7901
7902
7904
7905
7905
7907
7912
7912
7913
7913
7913
7914
7914
7915
7916
7916
7917
7918
7919
7919
7919
7920
7920
7921
7923
7923
7923
7924
7924
7926
7926
7926
7926
7927
7928
7929
7929
7930
7932
7933
7935
7935
7936
7936
7936
7936
7937
7939
7941
7941
7942
7942
7943
7943
7944
7945
7945
7947
7948
7949
7949
7949
7950
7950
7950
7951
7951
7952
7953
7954
7956
7956
7959
7960
7961
7964
7964
7964
7964
7964
7967
7967
7967
7968
7970
7970
7970
7971
7972
7973
7974
7974
7975
7977
7977
7977
7977
7980
7981
7982
7982
7983
7984
7985
7985
7987
7988
7989
7989
7990
7991
7992
7993
7994
7995
7997
7997
7998
7999
8001
8001
8003
8004
8004
8005
8006
8006
8006
8007
8008
8009
8010
8011
8012
8015
8016
8017
8018
8018
8020
8020
8022
8024
8025
8025
8026
8029
8030
8035
8038
8038
8038
8041
8041
8041
8042
8042
8046
8048
8050
8050
8052
8054
8057
8057
8063
8064
8065
8066
8067
8069
8070
8072
8072
8073
8074
8075
8076
8076
8076
8078
8078
8082
8083
8085
8085
8087
8088
8090
8091
8092
8093
8093
8095
8095
8100
8100
8102
8102
8102
8103
8103
8103
8103
8104
8104
8104
8104
8105
8105
8107
8108
8109
8109
8110
8112
8112
8114
8116
8118
8119
8120
8121
8121
8121
8123
8124
8127
8128
8128
8129
8129
8129
8130
8130
8132
8133
8133
8133
8137
8141
8142
8142
8143
8146
8147
8147
8148
8149
8149
8152
8152
8154
8155
8155
8155
8156
8157
8159
8159
8160
8161
8162
8165
8166
8171
8171
8172
8173
8173
8174
8174
8178
8179
8181
8181
8182
8183
8183
8186
8188
8189
8189
8190
8192
8192
8193
8193
8193
8193
8195
8196
8197
8198
8199
8200
8202
8203
8203
8205
8206
8207
8207
8208
8208
8210
8211
8212
8213
8214
8215
8215
8217
8218
8218
8218
8220
8221
8222
8222
8223
8223
8223
8223
8224
8225
8226
8226
8226
8227
8227
8229
8229
8230
8232
8232
8232
8235
8235
8236
8236
8236
8237
8237
8238
8238
8239
8240
8241
8242
8243
8244
8246
8247
8249
8250
8252
8254
8254
8254
8255
8256
8259
8259
8259
8259
8260
8260
8261
8261
8262
8262
8263
8264
8265
8266
8267
8268
8268
8271
8271
8272
8272
8273
8273
8273
8276
8278
8278
8278
8279
8279
8280
8280
8281
8281
8282
8282
8284
8285
8286
8292
8294
8294
8294
8294
8298
8298
8300
8300
8300
8301
8301
8302
8302
8304
8304
8304
8304
8304
8305
8306
8306
8306
8308
8308
8309
8309
8309
8310
8310
8314
8315
8315
8316
8316
8316
8317
8321
8322
8323
8324
8324
8325
8325
8325
8326
8327
8327
8329
8329
8332
8332
8333
8334
8335
8335
8336
8336
8337
8338
8338
8338
8341
8343
8343
8345
8345
8346
8346
8347
8348
8349
8349
8349
8350
8351
8352
8354
8354
8354
8354
8355
8356
8357
8357
8358
8360
8360
8360
8361
8362
8362
8362
8362
8364
8367
8367
8369
8369
8369
8369
8370
8370
8372
8373
8375
8381
8384
8387
8387
8388
8388
8389
8390
8392
8392
8392
8394
8395
8397
8398
8399
8401
8403
8404
8405
8406
8407
8409
8410
8412
8415
8417
8417
8418
8420
8421
8421
8422
8422
8423
8424
8424
8425
8426
8427
8428
8428
8429
8430
8430
8431
8432
8432
8433
8435
8436
8437
8438
8438
8439
8439
8440
8443
8443
8444
8444
8448
8453
8454
8454
8454
8458
8460
8460
8461
8461
8462
8462
8463
8463
8464
8465
8467
8467
8468
8469
8472
8473
8473
8474
8474
8475
8475
8477
8479
8480
8480
8480
8483
8484
8486
8487
8490
8490
8490
8491
8491
8493
8498
8499
8501
8501
8501
8502
8502
8503
8503
8505
8505
8508
8509
8510
8513
8514
8515
8521
8521
8522
8523
8523
8524
8524
8525
8527
8528
8530
8530
8530
8530
8531
8533
8534
8535
8536
8537
8537
8539
8539
8539
8539
8541
8541
8544
8544
8546
8546
8547
8548
8548
8548
8550
8551
8553
8553
8554
8555
8556
8560
8562
8562
8562
8563
8564
8565
8568
8569
8569
8570
8571
8571
8572
8574
8575
8579
8579
8580
8580
8582
8582
8583
8583
8584
8586
8586
8586
8588
8592
8592
8593
8593
8594
8595
8595
8598
8599
8599
8601
8602
8603
8604
8604
8604
8604
8605
8605
8607
8607
8608
8608
8613
8613
8613
8614
8615
8615
8616
8617
8617
8617
8622
8622
8623
8623
8624
8626
8626
8629
8630
8630
8630
8632
8632
8634
8634
8635
8636
8638
8639
8640
8641
8641
8645
8645
8646
8650
8650
8650
8650
8650
8651
8653
8656
8657
8658
8658
8659
8659
8660
8661
8662
8662
8662
8663
8664
8664
8665
8667
8667
8667
8668
8668
8669
8670
8671
8671
8672
8673
8677
8678
8680
8681
8682
8683
8687
8688
8688
8688
8689
8689
8692
8692
8692
8693
8693
8694
8694
8696
8697
8697
8698
8698
8698
8703
8703
8704
8704
8705
8705
8705
8706
8707
8711
8711
8712
8714
8715
8715
8716
8716
8717
8718
8718
8718
8718
8719
8720
8720
8720
8721
8721
8723
8726
8729
8730
8735
8735
8736
8737
8737
8737
8739
8739
8740
8741
8741
8742
8744
8744
8744
8746
8749
8753
8753
8755
8755
8755
8755
8757
8758
8759
8759
8760
8761
8761
8762
8764
8766
8766
8768
8769
8770
8771
8771
8771
8772
8776
8779
8779
8779
8780
8781
8783
8783
8784
8784
8784
8784
8785
8786
8787
8789
8789
8790
8791
8791
8791
8792
8793
8794
8795
8795
8795
8795
8796
8797
8797
8798
8800
8800
8801
8802
8802
8808
8809
8812
8813
8814
8815
8815
8815
8817
8818
8818
8818
8819
8822
8822
8822
8823
8824
8826
8827
8828
8829
8829
8831
8832
8833
8834
8834
8836
8836
8836
8836
8838
8840
8841
8843
8847
8847
8849
8850
8850
8850
8851
8853
8853
8854
8854
8854
8856
8856
8857
8857
8858
8860
8862
8862
8863
8865
8867
8867
8867
8869
8870
8871
8873
8874
8874
8875
8877
8879
8879
8879
8881
8881
8882
8882
8883
8885
8885
8886
8887
8887
8888
8888
8889
8890
8891
8894
8896
8898
8898
8900
8900
8900
8901
8901
8902
8902
8903
8904
8905
8907
8909
8910
8910
8911
8912
8913
8915
8916
8917
8918
8919
8920
8921
8922
8923
8923
8924
8925
8927
8927
8927
8927
8929
8929
8931
8931
8932
8932
8933
8934
8935
8936
8936
8937
8939
8940
8940
8943
8945
8948
8948
8950
8950
8952
8953
8953
8955
8955
8955
8958
8959
8960
8960
8961
8961
8961
8962
8965
8966
8966
8966
8966
8966
8968
8968
8969
8969
8971
8974
8975
8975
8975
8975
8976
8978
8979
8980
8981
8981
8981
8982
8982
8984
8985
8988
8989
8990
8991
8991
8991
8992
8993
8993
8994
8996
9000
9001
9001
9002
9002
9002
9003
9003
9004
9005
9009
9009
9010
9012
9014
9014
9015
9015
9015
9016
9017
9018
9019
9019
9022
9023
9024
9027
9027
9027
9029
9029
9029
9031
9031
9033
9033
9033
9033
9034
9035
9035
9037
9039
9039
9039
9040
9040
9041
9042
9044
9044
9046
9046
9047
9049
9049
9050
9053
9056
9057
9058
9060
9060
9061
9061
9062
9062
9062
9063
9063
9064
9066
9069
9070
9071
9071
9072
9073
9075
9075
9077
9079
9083
9084
9088
9090
9090
9090
9091
9093
9093
9093
9096
9105
9106
9111
9112
9114
9114
9115
9116
9120
9121
9121
9121
9122
9123
9123
9124
9125
9126
9128
9128
9129
9129
9130
9131
9131
9131
9132
9132
9134
9135
9136
9137
9138
9139
9139
9141
9141
9142
9143
9143
9143
9144
9145
9147
9147
9150
9150
9151
9153
9154
9154
9154
9155
9155
9156
9156
9158
9160
9161
9161
9161
9162
9163
9163
9163
9164
9164
9165
9165
9166
9166
9168
9168
9169
9172
9172
9175
9176
9176
9178
9179
9180
9181
9183
9183
9185
9185
9187
9187
9189
9190
9191
9191
9191
9192
9193
9193
9196
9196
9196
9197
9197
9198
9199
9200
9201
9201
9202
9205
9206
9206
9206
9209
9209
9211
9211
9211
9212
9212
9212
9213
9214
9214
9214
9215
9217
9219
9219
9220
9221
9222
9222
9222
9222
9224
9227
9227
9227
9228
9229
9229
9229
9231
9234
9234
9234
9236
9237
9238
9238
9240
9241
9242
9242
9243
9245
9246
9246
9247
9248
9249
9250
9250
9251
9252
9252
9253
9254
9255
9256
9256
9259
9259
9260
9261
9262
9263
9263
9263
9265
9266
9266
9267
9267
9269
9269
9269
9271
9272
9274
9274
9277
9278
9278
9278
9279
9280
9280
9281
9282
9282
9284
9285
9286
9286
9287
9287
9288
9289
9293
9294
9294
9295
9295
9298
9298
9299
9300
9300
9302
9302
9304
9306
9307
9307
9307
9309
9309
9310
9314
9315
9315
9320
9322
9327
9327
9328
9330
9330
9332
9334
9335
9337
9338
9339
9339
9340
9341
9342
9343
9343
9345
9346
9347
9348
9348
9349
9350
9351
9352
9353
9353
9353
9354
9355
9355
9357
9357
9360
9362
9362
9363
9364
9364
9366
9368
9368
9369
9369
9369
9370
9370
9371
9375
9376
9376
9378
9378
9379
9379
9381
9381
9383
9383
9384
9384
9387
9390
9390
9391
9392
9393
9393
9394
9395
9398
9399
9400
9401
9404
9404
9405
9408
9409
9410
9411
9412
9413
9415
9415
9419
9420
9420
9420
9421
9422
9422
9424
9424
9428
9428
9432
9434
9435
9436
9436
9436
9437
9438
9440
9442
9443
9443
9444
9446
9448
9449
9450
9452
9452
9455
9455
9456
9457
9457
9458
9461
9461
9461
9462
9463
9463
9465
9466
9466
9467
9468
9468
9468
9469
9469
9472
9474
9474
9475
9476
9476
9476
9478
9478
9478
9479
9480
9480
9482
9483
9483
9483
9484
9484
9485
9485
9486
9487
9489
9491
9492
9493
9494
9494
9494
9495
9496
9496
9496
9497
9498
9498
9498
9500
9502
9502
9503
9504
9504
9505
9506
9506
9508
9509
9509
9510
9513
9514
9515
9516
9517
9520
9521
9523
9527
9528
9529
9529
9531
9531
9532
9532
9532
9533
9535
9536
9536
9536
9536
9537
9538
9538
9538
9539
9540
9540
9542
9545
9548
9548
9548
9549
9549
9550
9551
9551
9552
9552
9552
9556
9556
9556
9557
9558
9559
9560
9560
9560
9565
9566
9568
9571
9571
9571
9572
9573
9573
9573
9573
9577
9577
9578
9578
9579
9579
9580
9583
9583
9583
9583
9584
9584
9586
9586
9586
9589
9590
9592
9593
9594
9594
9597
9597
9598
9598
9599
9599
9599
9604
9604
9606
9607
9607
9608
9608
9610
9611
9612
9612
9617
9617
9619
9619
9620
9620
9621
9628
9629
9630
9632
9632
9632
9635
9636
9637
9637
9637
9639
9642
9646
9646
9646
9649
9650
9651
9652
9654
9654
9655
9655
9660
9662
9663
9663
9663
9664
9667
9669
9669
9670
9670
9670
9670
9671
9673
9675
9675
9679
9681
9682
9683
9683
9684
9685
9686
9686
9686
9691
9692
9692
9693
9693
9695
9697
9697
9698
9700
9700
9701
9701
9701
9702
9702
9703
9703
9704
9704
9705
9706
9706
9707
9708
9708
9709
9710
9712
9712
9712
9713
9714
9715
9717
9717
9719
9720
9720
9722
9724
9728
9728
9729
9731
9733
9733
9734
9735
9736
9738
9739
9739
9740
9741
9741
9742
9742
9744
9744
9746
9747
9750
9750
9750
9751
9752
9752
9753
9755
9756
9757
9757
9759
9761
9762
9763
9763
9764
9766
9767
9768
9768
9768
9768
9769
9770
9772
9772
9773
9774
9774
9776
9777
9777
9777
9777
9778
9781
9782
9782
9782
9783
9783
9784
9786
9786
9786
9787
9788
9788
9789
9789
9792
9792
9792
9793
9794
9797
9798
9799
9799
9802
9803
9804
9806
9807
9807
9809
9810
9811
9811
9811
9812
9813
9813
9813
9813
9815
9815
9816
9816
9816
9817
9817
9818
9818
9819
9820
9822
9823
9824
9824
9825
9827
9827
9828
9830
9832
9832
9833
9835
9835
9835
9837
9837
9838
9839
9839
9840
9840
9840
9841
9841
9842
9844
9845
9845
9845
9846
9846
9848
9848
9848
9849
9850
9850
9851
9853
9854
9854
9855
9855
9856
9856
9858
9858
9859
9860
9860
9861
9862
9862
9862
9863
9865
9866
9866
9867
9868
9868
9869
9872
9872
9873
9873
9873
9874
9874
9874
9875
9877
9877
9878
9879
9879
9879
9880
9882
9883
9884
9884
9889
9889
9889
9890
9891
9891
9893
9896
9897
9898
9898
9900
9901
9901
9905
9906
9908
9909
9910
9911
9912
9913
9914
9914
9917
9917
9919
9920
9922
9924
9924
9925
9925
9926
9927
9929
9929
9930
9930
9930
9931
9932
9934
9934
9935
9935
9935
9936
9936
9936
9938
9938
9939
9939
9941
9941
9942
9942
9942
9943
9944
9944
9945
9946
9953
9955
9955
9958
9959
9960
9961
9966
9966
9968
9969
9970
9971
9973
9975
9975
9976
9977
9978
9979
9979
9979
9981
9982
9982
9985
9985
9986
9987
9988
9988
9988
9989
9990
9993
9993
9993
9993
9994
9997
9997
9999
9999
