7240
2524
3871
6180
3201
4693
1862
1706
7958
9408
8754
9806
8306
7282
6093
4782
3025
6477
9757
3756
5128
8493
5634
6801
5589
3297
8603
9515
1857
3395
377
6980
5121
5126
2636
3968
8028
539
4985
9635
9111
8960
1133
4956
1324
1718
8155
8786
7865
9949
8385
4394
5461
526
2297
7858
5261
4564
6587
6477
7805
2008
6112
5435
5258
5240
3201
1364
5692
5684
3006
8738
5897
5413
6010
3288
8747
2793
1635
2258
7204
9855
3056
7210
6344
4363
2052
1300
8377
2455
2655
503
656
4199
1667
7289
9207
8503
5155
565
3843
8755
632
9692
9839
354
4349
7765
4804
2880
9770
3666
3492
2055
8239
3857
374
5210
2102
4427
1483
6045
2778
6780
6287
8820
4663
9424
4507
5766
1687
4471
936
5565
8555
2884
9534
8829
6027
6696
9610
9023
2836
9541
1054
4810
208
2850
3298
4492
3460
4587
3272
9242
1906
4321
253
2290
5743
2373
7499
7993
9535
1244
6316
6198
9804
9040
9818
618
6854
84
8305
6618
9652
9857
2357
2490
1736
5489
3696
7320
2849
8215
3171
7698
2442
5961
4238
7701
8704
6396
4043
9716
5632
7115
9669
8353
6175
3011
4422
4523
4099
9613
4045
2164
31
9385
1343
4173
2620
2819
3860
2512
2642
437
1634
1402
2390
4793
2807
2019
3421
1753
6319
5451
6159
8421
7846
8643
8199
7280
6391
2085
6103
2328
8435
2193
9864
9568
7390
9750
7998
1803
8163
6217
8202
3271
9911
4900
1898
612
6619
1310
3147
6752
4827
1027
5806
7312
7395
4736
5192
2285
6578
2413
2404
8200
2166
3847
6211
971
8103
2809
9684
9710
7904
7974
5966
7235
1655
5094
8650
6575
6894
1243
957
7285
5650
6110
4051
9392
7313
7339
8712
6444
8136
3862
5951
2082
394
808
5974
3534
7325
6442
6224
415
2831
4012
3394
8843
5894
9363
8010
7628
804
1149
1640
8731
89
9762
2576
2311
8307
3849
3512
1250
9920
2244
4061
5081
2916
1833
4562
2814
7382
6765
9752
7155
4548
415
3433
564
8056
6671
5533
914
5410
649
720
2872
4148
6370
523
908
8637
5485
4623
6883
5053
347
7936
1265
9895
7213
5454
6733
8436
311
4958
845
6596
4210
7079
3026
7904
3598
3545
9010
8059
6067
6344
9998
391
5426
1959
1392
2947
9741
4494
6531
2866
5871
2574
4607
3335
6201
7851
3855
5724
4410
1336
7553
1954
4459
5985
5081
1875
7940
5361
4082
7907
5886
7364
8739
1413
8982
5511
4793
2954
907
5580
3126
4260
7972
5353
5030
2344
4945
3472
1226
9186
8060
377
596
8035
8555
459
7197
5973
1702
6281
6758
2271
591
1449
6489
5811
8483
5409
5931
1253
1323
2859
4784
9479
6687
423
7275
8607
8216
4142
9137
2986
7408
8612
5433
2745
5705
4680
2578
7530
8006
598
3201
5730
4122
3163
4853
6581
8203
8456
3400
1576
3410
847
2533
9310
5554
9066
8049
3887
9763
9468
3704
2839
906
2911
4724
5338
1143
6492
9724
4949
2938
7946
7735
6896
2546
7485
3931
3775
9140
9455
2263
3800
9716
7037
9577
3295
9011
8568
1404
5852
7398
4364
9074
7694
8142
9853
3354
9273
1177
6173
4735
2539
357
4730
140
2525
3404
5060
9727
3365
321
5404
2457
9176
5637
1576
7439
3116
9205
6116
4289
8763
356
4770
7445
8403
1985
66
4559
4331
7093
5308
1278
7920
699
3258
262
1870
3212
2067
5813
2122
5158
9074
8036
3020
7320
8789
813
6650
9468
1329
1140
9647
5858
8899
2355
9802
8053
9345
1557
5331
3517
2767
7599
2760
4640
4878
7286
8502
8341
7231
6481
4115
7927
6773
236
4920
9538
6824
6581
5436
4509
53
535
1228
2660
995
9793
8839
1968
9328
8275
8341
7541
8890
5780
9607
7913
4474
2690
5081
3116
1563
2135
7812
696
3737
548
7217
3334
1844
8845
3624
3610
5011
3600
6694
845
5221
4339
701
8645
3058
4874
6069
1363
2432
5218
8528
1112
4499
1501
60
8581
3612
9002
8449
6862
6274
336
6538
2697
7645
2711
2224
3257
1374
3523
9330
3330
8541
3245
993
1000
4699
9552
872
3785
8310
2125
4312
7827
3067
1820
3809
371
9077
6496
61
2299
6259
9509
9959
1007
4280
7608
7545
5469
8252
2355
4115
2662
9008
1779
2263
8941
2383
6904
6000
4427
9856
5001
4419
8701
2407
770
3038
1723
523
9835
2782
4069
4146
2678
573
7452
3993
1252
7639
3802
6976
3396
4061
8591
466
8393
5635
4249
7778
2679
8116
6799
2945
6954
1141
5706
5148
2355
3559
8288
6993
3969
5334
4031
3378
1671
7678
1331
4403
1375
8462
2356
8830
9099
4996
3631
8070
5747
8680
8318
8920
3216
741
4887
2749
468
9922
8574
1772
6340
9710
3624
1836
3572
8074
6365
3319
2701
6384
4568
1579
685
7921
5967
2410
9963
4957
8586
7393
485
3803
8498
5173
1272
4393
4151
7769
9963
6477
7917
6860
8089
8489
5540
4080
8121
6893
8115
1829
11
9127
5761
5892
658
2469
6239
5832
2600
2155
4181
4470
8178
1920
248
9101
2882
7779
8740
3784
9379
3723
4972
9201
8484
204
6779
7072
6564
245
3766
5409
5942
4709
6896
6003
2081
1582
521
8572
7031
8371
8996
4026
2304
3131
7636
7764
4258
2839
402
4271
9439
5616
7213
685
3996
9369
8303
9856
1657
7972
3656
5341
6529
1152
4442
5499
1728
8304
4016
6394
1260
8215
5403
2976
273
9856
6138
4446
5261
1802
9029
4258
9125
4447
5062
966
8578
9430
2453
277
4844
2447
79
1406
5409
9708
3922
7793
1313
1455
376
5782
7785
3005
6269
9533
3499
610
126
879
2774
8079
8544
9700
3047
5182
1754
1710
8428
422
3185
7171
5265
6793
1806
8888
5961
8091
4397
8136
8810
6606
3413
5236
3877
8488
5199
9476
3568
4486
9957
8012
658
8234
9016
8666
1275
2175
5245
7563
2221
5869
6294
9821
3899
5544
7113
3151
9869
1235
895
6597
3117
4946
1067
3240
7297
5549
2004
5066
7989
8032
1857
1735
676
6975
3168
615
9651
7527
1396
3055
2442
7216
9305
9208
2784
9678
6308
6567
6754
4903
8635
4635
15
2927
5086
2278
1331
1935
9009
3138
2862
2836
5656
933
8929
6739
8174
8431
6084
58
1073
1760
4902
4786
5933
4631
3826
7616
739
1253
219
8715
1558
6159
3364
9672
2835
338
6078
2498
1770
8545
2415
7397
9901
9546
4203
2185
6436
1256
7458
7675
3946
7617
166
8983
343
3070
8231
8834
7787
1323
7548
6500
7108
7717
6768
8819
9404
3056
8231
8570
3203
6651
60
7816
9156
827
73
9285
5302
8307
3329
4960
7137
7685
5997
9779
6667
5811
9985
1672
3279
2030
538
3349
9096
7632
3063
946
95
4293
769
4907
1311
2243
5369
2769
3537
3034
668
4732
5769
2566
5781
5899
9628
7074
6303
4683
9388
4967
2789
4581
6114
4643
5385
6354
6695
8868
2509
9370
4959
5459
3713
6842
3971
8317
7977
1892
2057
7324
202
1824
3633
2741
3234
5489
5166
699
5441
4178
8048
9169
4567
2511
7738
1852
876
9343
693
2726
6102
8415
2768
7871
9514
2987
5426
3982
4834
1157
9022
6006
1703
8439
1649
4148
2299
1077
1868
9108
8326
5388
8216
9139
7307
6728
8282
4462
359
4945
7637
5194
3941
1524
6231
1965
320
1920
4433
5066
9654
711
1798
8650
5718
1477
3071
3285
1830
8925
2088
1953
371
3470
8683
6897
1781
4372
6615
4014
4590
6059
300
7907
5072
3487
8390
610
8120
9839
4116
4660
3019
7951
9604
8446
8363
1629
4428
6047
293
9563
871
6469
395
5691
6667
1344
7465
2265
9891
3038
246
1953
750
822
6025
8034
275
912
3925
4891
9822
3665
3043
6705
6380
1812
4747
6386
5231
8548
3710
1076
8190
2790
6322
4055
9245
1923
3003
9625
8772
1252
6611
7416
4078
1254
7190
4146
4320
2012
2668
7064
3284
7620
83
1521
8466
6626
3497
7019
298
2536
3139
7660
9888
487
8189
9798
1044
8671
7151
5865
8492
6674
2391
7475
273
167
4233
8547
9859
3259
784
6523
1002
6370
5791
1843
7162
3578
9497
7433
8450
7072
9209
5974
5121
188
8527
3725
7205
9528
6616
2829
8305
2686
6249
4102
4987
6591
5591
5144
7215
1887
5733
5734
6355
8942
6203
1290
9753
7906
5840
7010
8986
2080
661
2312
6021
4665
5597
1119
1668
3905
9100
8457
5958
5419
6506
5093
2911
3871
9476
1606
1977
2974
1984
6399
3236
9501
2699
3051
9057
733
2225
6265
4647
1819
8985
6612
8576
4866
2106
8720
8964
1758
3101
9360
5952
2620
7280
213
7346
2174
8836
49
5171
9834
1637
2874
449
7698
5363
1450
4152
4430
6097
6354
4253
8341
4505
6351
1959
5547
7722
5589
394
3508
1040
8600
7297
967
8383
9513
6967
1998
2187
397
914
2921
6918
6746
1533
9970
439
3146
7857
1115
6707
2482
6159
8515
2075
3757
3660
3960
2482
497
3706
3575
1161
4947
8831
7551
1642
2693
5955
2995
9565
4206
5371
9294
6377
2499
5229
4416
2891
9105
8096
3399
1916
9260
1650
6569
7266
9121
1317
7197
342
1320
8103
8410
2621
7477
1196
7239
5461
9566
7802
4626
6365
6567
4129
1532
4018
9737
421
4737
482
7137
489
2869
2383
4436
3482
5610
5010
6624
7509
2718
1048
1902
1814
5442
2062
9764
1918
9493
8628
1687
5184
5886
3937
4013
9944
8857
1060
2032
904
5048
2834
6975
6705
2587
9440
1999
3546
2779
5086
6254
3136
8352
142
5512
4987
9218
7968
2098
664
1996
7772
4964
6088
4988
4540
8612
9844
1463
4291
2205
3691
7402
9293
5919
5930
4604
7652
5407
6631
2559
876
9055
122
885
2812
5769
8793
6703
1097
2500
7726
6576
6769
7209
9911
5408
8465
5360
6250
5308
820
9763
9842
4779
24
5252
5626
4204
7406
1018
4117
3723
9550
7655
1752
4258
1413
5925
9861
1532
796
7518
1749
3701
8038
4779
4144
941
933
5764
2860
5387
9290
2071
1536
302
3079
1700
6340
111
4899
8116
9303
9842
3769
121
4220
9867
2125
5617
4562
5534
3757
3572
7839
3726
7551
4973
8328
775
8573
8374
8208
2296
7497
5787
8154
1111
7518
1537
9452
7769
4038
1839
7138
6137
7522
858
4876
8357
9993
6911
7686
3928
7839
8218
8706
2257
5377
4131
7779
1811
7307
4552
4920
4582
7414
277
8468
4812
5217
3392
8982
3997
9259
9073
4762
8131
7931
5774
9787
818
3916
9717
9203
5903
8200
67
5232
3201
5471
1234
933
8165
3604
6734
9354
2491
7556
6696
81
8686
9540
4516
3623
3905
5799
8989
5506
1237
2153
841
7181
4999
1786
5415
2589
8742
4026
388
1839
7698
3581
29
9985
3456
7948
4510
6937
1146
5464
3641
1334
4323
6475
339
1
9992
5469
6680
8175
1074
6719
4926
1158
105
3944
9031
7721
8402
2170
3489
5874
7096
880
2200
7036
281
7207
4251
5994
4311
5637
235
4102
6767
7098
9375
8186
9046
2466
4965
3557
4847
4547
4259
6555
250
9354
1531
1675
9991
4908
3245
4494
9095
5707
5287
6361
6931
4632
1976
1999
1110
416
7666
2711
2725
8852
2237
9109
5696
1161
2936
4327
7104
2632
1978
8798
8271
6450
8631
327
4568
6484
1118
6517
7939
1859
9887
173
1427
517
3290
190
9675
780
9922
1851
1418
6399
9649
7062
8344
8518
9157
298
1016
4706
5672
325
5485
6838
6333
9872
9625
2838
9494
5421
1425
1467
5251
636
2668
5200
1268
361
1178
1037
7568
7094
9201
5741
9150
6945
2707
126
7824
7185
2283
9988
4720
3746
2742
3530
4627
9019
351
1062
986
3528
2899
1592
1463
2665
3491
7071
2236
1094
7015
8024
2479
637
4815
1700
7162
9978
4901
1924
526
7074
319
7844
3608
6171
4608
2977
8844
1099
8222
2984
350
9356
6302
3645
8127
2857
6379
7636
8548
4280
966
5008
6563
9764
8535
7590
5143
3478
5906
1901
2850
1327
1237
7588
5986
6628
5902
4479
8364
8742
5913
4704
2357
1564
2678
7470
6928
2032
953
1461
2097
9892
3563
1993
9680
5951
7358
136
2058
8967
4510
1004
4705
7212
8947
7033
5779
9231
7587
5017
3800
4813
2116
4033
2292
7692
671
2720
5293
1201
8704
1412
5639
1180
4266
1544
1419
1153
4088
7534
5526
9891
9054
501
1838
8734
6285
7815
9727
6625
5973
2530
2467
391
5509
241
7936
2465
2958
2182
282
1025
1397
6070
9434
9173
2071
9377
4903
2159
7048
5452
2801
5773
9412
2205
253
7401
3302
530
9801
1999
3142
1791
4097
886
5917
7922
8506
5341
2069
6052
1692
3876
6588
7855
5709
6660
3111
8455
9864
6588
3570
8886
3261
6921
5893
7719
5346
3809
3843
1118
8951
1372
4220
9667
2262
9199
1810
8841
7113
5750
3225
6399
2678
3037
6936
611
1142
6060
3036
7038
7747
5069
2475
4656
2495
6523
8501
4328
5825
1737
3735
1647
9291
7035
5050
4866
7671
677
4168
6827
9215
1343
79
7035
6076
4513
3805
614
7159
2193
4507
6586
7019
2486
2903
8941
9787
456
6633
7203
2351
4822
3623
5049
6458
3283
9412
6945
7
6861
2083
1578
6354
156
2873
5339
8115
9492
2896
5275
2852
6231
9592
7264
5924
6218
4025
3571
4356
4610
5619
4476
3663
6811
1782
6960
5463
453
5709
1683
2586
3739
5685
4715
5892
7681
4236
8803
525
9545
1461
8792
179
4546
4440
3300
3682
6158
6517
996
544
7103
7225
1464
7430
8861
8617
6103
6360
326
7787
8429
2725
803
9861
962
3321
5138
2669
4215
3824
6133
7423
208
950
9687
6157
408
7242
7254
7744
4374
801
3538
8877
3163
8582
2176
323
3540
5055
907
625
6642
9515
4360
7989
755
6119
3476
6494
9804
6160
2716
5747
998
7874
712
1964
6851
3775
1942
4926
3627
4924
5263
5909
4135
6965
4167
5177
2345
9345
9590
8403
6038
7312
8126
2009
689
6384
2345
7269
2854
3327
1297
4692
5071
91
251
7850
1014
3317
9697
6610
3912
6149
1626
7123
8434
6934
8072
5343
8859
1042
445
6501
2414
8520
7259
5222
1746
9625
7383
3652
1095
6243
6041
4855
6656
9237
1859
6793
2631
8913
5531
4961
8177
8079
8871
2429
560
4510
8788
3064
3423
3317
9875
8571
1661
5608
7649
2223
2649
6918
8945
3921
7686
4047
2264
9039
347
4339
6804
15
3226
1494
202
8926
5770
7535
9387
6501
100
128
1362
3320
2679
5088
5324
8489
2040
7011
6084
8057
57
2267
8203
6111
7380
5608
3441
3969
2821
1147
8322
7918
2082
376
176
6462
1623
4586
6648
6401
114
9760
2852
9108
5960
485
4381
1027
4770
5917
7434
9912
4839
3339
9161
6801
1703
1248
7113
1888
5890
4623
18
3116
1443
1323
9441
8580
412
3089
8756
9684
1087
1762
2382
4000
6886
2793
440
109
1935
235
2693
7087
1528
1052
9104
365
9779
7341
6227
7649
966
6819
7142
4907
754
3748
1891
9749
3181
3835
4018
9297
382
3851
2694
7327
804
8879
6067
1195
5412
9904
2298
3635
206
5232
7538
9430
987
4771
6549
8519
532
1693
948
4081
258
8310
5544
9044
4477
3722
6886
7902
1731
3918
5406
3126
6504
8909
9264
4081
6756
8224
172
3607
5230
76
5461
9583
7747
3092
9504
2999
82
3279
5231
2816
9047
1765
180
8726
7234
6468
7828
46
8595
7455
2251
2520
3893
7621
2037
1587
2708
1343
9520
7343
2732
3795
7708
702
2015
4790
3931
5060
1523
3647
6763
6670
1526
8566
4797
3567
4638
427
9905
117
8370
7874
960
5273
4062
9820
5509
1365
2471
6354
6649
2129
5900
4538
1851
630
964
9820
2184
227
6234
2446
6972
8958
7506
9836
5077
3826
7991
6995
7391
9782
4930
1548
8066
8559
1673
1206
3557
8188
5202
2140
9117
1998
4450
8614
6662
4667
8134
5787
8924
9784
4061
6115
4806
9107
7888
7083
9616
2755
4127
7890
3940
519
8506
2224
821
4763
2424
7879
3127
1114
7511
4113
4734
8397
9169
3097
4417
9169
4840
1925
6970
4934
7486
9617
6382
6931
1267
1655
4276
6807
3419
3002
5491
1035
235
7331
5212
5700
1088
6594
4017
6676
1997
8310
3136
8095
7007
4519
5345
3787
2334
9664
3000
7329
7154
4315
5686
9105
5311
1509
6482
2130
175
9024
8944
8710
9467
7303
4860
6667
4630
4764
6149
5998
4021
1949
7145
8315
2175
6406
9688
5807
6109
7936
6791
5902
5277
6374
9364
7921
2585
2904
3761
2007
4431
5000
8543
7948
5741
578
2361
2455
8588
3785
4425
3341
4934
6060
4106
3699
3204
6536
4620
544
1896
5063
6670
65
8627
8710
9035
7783
4789
4004
2211
587
5199
4054
6949
7953
806
5943
5158
5898
7607
7645
1328
5875
5425
3751
8794
3195
9667
6706
7824
2082
1923
8107
255
2861
7528
7119
8511
2902
5221
1389
8525
2961
9699
4749
4020
8233
8969
7035
3992
1080
2875
6619
6846
421
3436
2304
8043
8792
6737
4920
9576
761
9347
4191
5055
5895
4560
2532
3956
9220
7647
1432
7235
2477
6879
4162
6770
2712
1131
2432
8322
6390
3835
6249
8984
4936
2202
1869
9778
7805
1984
3725
7848
5721
924
1175
8961
9746
4543
7578
831
8468
8919
9864
1496
5349
1254
585
546
6978
1615
6828
8234
1271
2093
7881
6176
4254
9328
4322
9187
5135
6501
1927
1909
550
9872
3960
9642
9683
3417
5621
5666
9034
7184
9042
993
4250
4814
5110
5976
6027
3273
7923
6833
2016
532
720
172
7069
1281
6833
8337
2850
2852
7848
8129
8453
4149
8245
3838
6989
6641
2217
6259
5450
78
9752
1489
8275
9241
2029
792
5015
7278
9799
4542
1125
7459
33
8239
9735
8098
3040
4833
4201
3569
5029
3218
6056
9503
1810
6496
3701
7309
5529
4117
5624
9446
1536
4334
5649
7021
8113
2822
3338
2002
2030
2243
7593
3136
1458
4765
2258
5398
5138
5670
9432
4719
3250
9787
4852
3345
1364
5221
9310
3775
9035
732
9272
2523
381
8425
5387
6636
2471
3398
9017
3879
795
2421
5361
3213
5925
554
6640
9185
8171
3781
9797
7316
1858
7456
9517
7055
8797
3617
5469
7948
7777
2460
7870
1282
1284
4841
883
2875
9875
45
9926
3715
3715
1176
8912
1727
7983
442
1879
6200
6192
7074
2417
1091
8427
3589
215
4638
1123
1015
4421
392
3392
3818
8510
1070
7240
1344
2445
3118
7369
4990
9926
6858
2360
7279
8106
1130
276
6849
8618
6238
2372
161
1474
7871
8895
5102
9895
6033
8058
9084
3675
8792
9723
200
6445
4707
8509
3891
8942
2377
1644
7677
4669
3278
2000
7519
3685
3634
9527
9892
5036
839
2875
7637
5772
2734
3859
592
2991
2317
4228
1300
755
8638
1928
1852
5309
7638
5735
2741
8505
7024
6050
5678
1232
6118
3615
7323
6594
2299
445
6950
8627
2056
8201
995
4386
3122
4586
3789
756
2852
663
2002
3248
5519
6169
5369
1443
9482
8619
7323
4707
7271
3773
9605
257
5539
6791
1192
4344
8025
7611
7979
4866
5957
5715
9790
9641
80
1530
7211
8122
9741
7510
4667
8934
3278
7267
6451
6707
5700
4923
169
5312
4689
7137
9254
8277
1995
8414
5834
1176
4400
4338
3927
6108
9729
460
6443
1812
284
5269
8893
8134
4218
8614
7059
3098
1889
6938
5726
5521
7543
5038
4323
5683
2132
6596
4566
9713
6690
3303
8517
3513
1284
6697
766
8455
5280
9864
3534
5624
4778
7248
4039
2250
1295
970
1005
7680
3083
5521
3934
4050
8343
389
2396
5713
6930
6776
2408
8359
9435
8758
5292
5437
3416
163
404
3302
3862
8620
8250
8601
4734
9295
1390
8476
8112
7926
942
3963
7455
654
5591
7944
2809
3894
9096
4925
3665
9523
3584
2893
6666
112
1860
5928
6946
2115
9918
8621
5304
155
8516
9321
396
1989
7332
4286
6066
5374
4250
7104
7571
5651
4846
9784
768
7908
2829
1227
7507
1287
1202
9157
5780
3832
1472
6143
2740
4398
4831
4240
26
7337
3568
4703
8808
1943
5679
4678
4761
8983
7780
9730
7945
6853
5222
4007
7441
1379
9693
5009
9965
8328
3730
1189
7868
8114
6421
1141
3028
3480
842
9299
6607
1658
9730
141
3909
6858
5057
7846
7032
8067
5105
5494
8326
6903
7907
4231
7471
5448
1149
4176
1427
4508
6708
7007
6774
8067
8455
6127
1300
9732
7717
1130
8619
3411
9821
4903
7049
5023
1152
7620
6739
3209
6437
751
1150
1583
7577
8206
7118
4725
9616
78
7993
7829
6445
1385
199
1342
4409
4561
4601
8088
2564
7257
4995
9399
4117
7554
934
3549
207
5538
4798
5098
1971
1730
3109
8111
9468
8670
8451
9601
1259
5183
6051
1336
5071
8917
6179
1879
2784
7006
3543
4854
681
9636
9786
5418
7648
3234
4946
1847
8195
8614
8110
5244
9664
7938
79
1340
3168
77
7233
4221
8594
7991
1957
3705
5824
3945
5260
4098
10000
1978
2946
8867
393
255
5460
8849
5392
3546
927
5728
7726
5923
5783
8850
1023
6596
7104
3434
7530
285
2685
223
8392
6184
1347
6892
9555
3608
6296
9796
9356
4698
2094
5970
857
7086
54
1551
8409
7359
6946
9469
6038
8172
6364
7792
8630
8715
668
6844
3245
6356
5530
7770
3186
537
8960
9828
7004
453
7803
6303
3449
7842
1838
3241
3036
7877
7043
2872
4225
7044
8703
3074
1533
2327
9665
1995
7079
668
6151
2536
2076
4373
6156
578
7940
7996
3634
6470
7839
6294
6712
2074
9163
1269
6856
9370
4470
7816
3536
4720
7194
1981
7962
1026
2473
3927
6074
1973
2950
8474
1220
5152
5518
7827
9176
139
3025
3765
4619
1782
1681
206
7155
8806
4358
9848
2047
9258
2619
6923
7664
5932
6776
1024
7815
1779
1389
7984
9389
9652
904
7450
9817
8969
8212
1108
8097
154
734
2441
369
7352
9540
9665
2993
1945
6189
9566
2198
5709
6719
7666
5927
5871
9441
5998
378
4263
2589
4870
2667
8588
689
112
3832
8903
4579
5067
988
1234
1487
972
4182
9663
3726
6643
5909
550
9364
3500
7682
5334
1734
7713
4458
5565
2119
2285
9431
6771
1742
6668
4906
8816
1093
4847
5511
1357
7375
2283
6252
2040
8295
1617
4895
8817
2626
6840
2660
9057
5089
533
7880
1563
7173
2093
5645
2667
2942
4081
5617
5690
3954
1096
5197
4756
8455
4603
2008
2960
7693
9818
214
6222
7275
6604
4560
2608
5716
2115
8705
3007
2645
3118
2522
1854
5295
7656
3138
7467
7995
7678
5646
5794
4063
3309
6889
1388
1307
4713
4320
2660
8656
6251
4941
1210
2638
1026
3869
4833
3576
2410
3008
6659
2615
4138
4413
7428
7831
5191
5999
5571
882
5654
272
3773
6231
7983
7345
1596
391
8717
2019
5485
8796
3506
5989
1039
8806
4727
2682
6935
7187
5328
8150
4577
9081
4574
885
33
3043
8431
152
6087
1959
5696
5597
5344
7520
6450
1353
25
6685
8858
8709
2239
2773
131
3091
3730
8757
3374
3835
2248
8455
5337
2550
8749
8064
2158
2166
4744
9399
6930
6400
4713
253
4654
311
191
4541
5994
2022
9046
4690
9173
586
2749
703
9489
6298
6230
1263
8396
1108
7094
6634
5097
837
4140
4816
7181
2132
8047
5941
5973
3867
6943
7065
1828
7075
6574
5843
8795
5196
2056
4793
7713
1126
6940
9679
6578
9534
9567
9897
5284
7768
7190
6655
2756
662
7201
172
111
3138
6536
8466
3053
1758
7789
7535
9383
3621
4032
2788
9385
7837
7121
1703
5011
764
9328
6343
7993
548
2385
7271
9003
7389
8332
6186
6911
3325
6336
6713
2841
9718
4423
1443
5836
3964
3637
3074
1035
7985
218
9814
7032
8991
2551
1968
6270
7170
9581
7197
6874
5568
1857
2813
5748
3477
4955
5551
4700
5311
8974
4795
8095
2706
7202
2907
488
8217
5101
3527
5987
3339
8528
9659
3245
2822
1741
9447
7095
5098
151
9140
1001
9412
9458
4014
4772
9621
2169
3538
5808
2687
4238
8389
7876
2108
5052
9822
4051
6330
4696
2081
3971
7079
9862
3257
5962
709
8312
3393
9169
490
7265
4912
5866
6662
2360
271
1838
4674
120
1607
7839
66
4116
6332
6428
1462
9576
2640
19
1683
1050
9909
4592
3977
8831
3779
6852
3536
8635
18
3249
1444
9808
3365
898
6522
8615
8435
4631
7630
2781
5747
3821
7019
100
8787
2236
5413
1227
5861
667
6039
1464
6135
9534
8180
5041
877
2847
332
9114
318
4811
9661
4392
3687
2419
3203
3492
8127
1682
7550
4604
5913
3918
2702
211
5471
1016
1486
4648
3202
5278
5370
181
5899
1904
2926
4222
7068
2415
2508
4633
4088
7825
6185
2781
9051
6242
9189
6898
1591
2180
4934
8760
2989
4679
7808
7028
5444
4915
1539
2005
2409
6082
7712
7717
100
8315
4505
1739
7138
1609
9045
8925
9252
1322
316
98
6916
6051
5781
5605
2367
4833
26
5958
6163
730
5796
7739
4198
7170
6361
4100
2928
1834
9214
2252
4871
9170
6650
7707
8885
1199
8218
697
7384
8536
8234
9980
1461
8586
5574
3730
7562
6796
2573
1322
6879
9420
2271
8029
9480
4984
5475
1370
2138
3705
3032
8431
7447
6970
8358
964
3096
8054
8383
8977
7366
6143
7495
3087
3620
7451
5053
3548
6237
1529
4741
3608
8613
6018
9988
3517
2655
1386
9271
1851
3755
3413
5600
9169
2713
9302
2127
2760
2159
1379
4361
5033
6066
9732
3127
2687
3236
75
3581
5511
5035
365
7493
5188
6058
2926
3895
4911
8798
7067
680
651
7383
3521
2925
4870
4129
3499
922
4716
2510
1304
3947
9046
6210
1115
3245
3600
5178
588
6154
3063
7225
1244
1888
5313
7297
2982
7213
3415
8682
3216
1193
1117
7523
9169
5184
115
5458
1260
8507
2036
9353
5051
8953
9707
4087
4711
6143
6325
9336
5731
6201
7601
7099
6569
9132
8612
6334
1356
250
7274
5847
5021
9952
1031
1025
2920
543
7883
5121
2494
3781
35
3333
1790
7320
9516
9880
9293
1615
9123
5652
6805
9437
4584
6020
7417
9435
8881
501
6006
2144
9387
2857
2644
4463
5083
7655
3612
3502
5714
2162
3461
1326
2287
3124
1559
8940
2878
9575
8928
3635
5278
4657
8292
9531
4384
9241
2143
6802
8796
4442
502
757
8766
2643
172
6284
3325
1800
9392
7983
5756
2952
484
5001
3962
6460
5448
7016
2724
2329
1861
4557
3722
4930
3350
9414
8750
6254
5120
1557
3160
2753
8930
5485
359
793
9191
5497
5779
7288
2872
1321
7694
8824
9983
457
6665
5056
5383
8544
4530
7538
5071
8914
3082
8910
3261
1698
4837
3670
5279
9048
5499
15
4108
4571
3307
9409
3177
3803
7727
9707
9528
8381
3803
6070
8411
1652
8591
2692
3414
3160
4140
4645
6771
502
2739
7238
4702
1908
2025
7990
3025
6911
2519
6774
9770
2643
2973
1773
9223
6534
8343
69
7396
9425
9463
3222
1340
1676
642
2604
5883
3813
4999
2663
8100
5405
8121
7951
1918
7295
9950
1842
473
4734
1105
1164
4991
4634
6818
1426
5029
5854
9052
443
3536
2569
2279
6363
1509
3127
1508
7900
873
6619
2710
4188
7479
203
8544
1502
224
232
9449
4701
5596
8889
7772
2692
9998
8851
7820
163
5126
3831
5365
9167
7328
5384
6654
7817
3322
7255
6954
4249
5123
6317
5357
199
2143
2468
9292
4133
9959
834
941
4252
3341
7747
7822
3682
589
5618
4321
4085
1551
5877
8309
4391
7832
1234
1440
4886
7248
4545
2536
7222
8575
6319
9393
45
3409
6315
8000
2634
2713
514
3022
9523
8769
4898
9785
8170
3791
6012
244
5868
8083
7579
7567
9894
2445
9212
5873
6420
6891
7593
3345
5559
6736
7878
1285
6929
5472
8614
6225
9328
5160
2058
5793
3845
9995
4504
7682
6689
2263
8869
7146
6027
8119
143
1528
6528
9617
2457
5750
4855
686
2835
2475
160
682
325
4733
3048
6865
3768
9907
6427
6122
6993
8985
7703
2080
9259
2221
3097
7243
9648
2054
279
9886
1923
1732
3241
9353
7373
7074
6212
6142
2691
1224
4277
161
5968
3517
7526
3816
9156
3130
2640
7714
2168
6586
9517
36
477
749
9064
8206
8513
8204
6020
2332
5869
2342
8182
1289
9341
1705
15
6942
8316
3437
6730
2696
6748
9226
7647
8024
5631
777
6305
1348
1878
1672
90
3466
1603
4263
7889
4036
1212
3200
1253
5783
9407
3204
1273
4197
2156
4128
6236
835
1956
9694
1859
4853
6620
3543
3702
8101
6654
1782
9844
4307
7308
6920
9459
7750
4929
6000
9624
1729
1878
8311
9807
8673
3886
9808
520
4962
2079
7513
4046
8368
8957
4814
5205
9371
8405
6360
5504
7317
7203
2211
1804
4821
6112
8973
7404
2270
7947
601
945
7417
8627
4372
5478
1758
9166
2943
1542
3442
9257
9018
3946
1722
2093
9682
7683
1886
826
338
1440
6761
6739
5301
2797
1229
5669
4715
1896
6931
3861
6761
7265
9648
6485
5995
573
1235
7763
6453
5431
5994
3759
8151
4404
5205
6486
8270
81
1634
143
7511
139
4951
50
8495
9035
719
6464
2470
2844
5867
3619
1379
538
4858
2307
8736
7977
4611
1441
901
1599
8399
8980
6946
8223
4900
3197
742
5107
9035
9145
3421
9269
7187
7684
1207
5290
8383
2804
3219
9435
2954
2921
4362
3778
3339
4174
7400
6670
2915
3708
7108
4482
2979
7900
1457
1664
923
6119
6350
1645
9965
5324
456
2353
8768
3324
399
9102
7729
2710
8501
7243
9091
4394
3187
6796
6455
9276
1766
8063
1063
8407
7606
6997
5132
2940
2344
8698
9775
5766
1465
2916
556
5466
7770
3668
8915
8048
6076
5228
1513
8792
7521
686
363
3932
5394
6764
1650
3441
9806
4849
3618
6920
8655
6090
3100
2439
6777
7075
8356
4495
5644
3066
8684
1321
7849
4802
6527
6930
5410
1335
5787
9249
3641
3496
789
5713
6250
7302
5056
3727
7509
8903
6008
1458
307
4919
7161
6145
2154
5996
3485
5909
6347
8741
5042
2493
3161
9167
9609
7128
3124
7715
747
2547
83
8190
3126
6926
8944
622
6485
3629
9710
3462
9374
7912
4325
8191
9349
2735
174
9132
5918
7582
8170
8136
1024
9593
5804
3838
2756
1012
4295
7172
1021
5874
2178
3540
6017
2936
9001
2664
9189
8492
2125
1650
4392
7503
6379
1302
9894
8229
969
3829
4332
4189
733
439
5131
33
9144
5571
1957
8076
5983
8110
1941
9042
7195
2814
2155
9441
278
1289
1189
2738
6278
2927
4265
7036
3511
9937
8654
9141
1248
9308
3803
6790
3655
998
7127
8538
544
9556
4752
946
464
5093
7959
6744
5185
959
7128
9678
5326
292
1367
947
6446
2240
3046
3489
349
8050
5155
5590
5190
3764
9790
9820
8557
1337
840
2311
2568
4355
2296
3819
8110
8830
9751
1800
8216
7148
6571
5779
9892
6349
7952
8850
5848
7098
6770
8979
595
6191
3624
73
6527
7747
138
5044
9907
9493
4595
3501
4213
4868
3953
8651
1052
1051
9001
8388
756
728
3192
8004
3675
6376
1892
8195
7688
7344
5330
9110
1835
2922
4736
9860
2687
1850
1762
4163
7356
3436
9338
2671
3434
1485
9328
7414
3792
3282
801
7347
202
7128
1156
836
7128
6057
3432
3402
7203
152
3513
8174
8346
105
7905
458
1755
2576
1707
2027
2462
228
1826
5105
3355
3728
2824
4816
7164
1446
2100
9558
2204
4464
2099
473
3423
3252
4526
7500
3019
4883
204
4910
2628
1279
7566
928
7030
5207
1000
9457
9595
8128
7264
824
5180
5505
111
9788
3028
5307
4932
7763
3441
4563
9448
1190
9299
6222
6220
7149
3303
1544
4734
6060
9517
5792
5291
5689
9812
9316
7470
1129
2184
7396
4166
7431
1138
9318
6294
9328
7726
9973
2054
1998
7290
230
6263
270
6618
2266
2932
2352
264
8969
3284
475
4568
4145
7915
5466
730
4122
5952
8599
2201
7573
570
9378
7776
2193
1411
6511
8956
8713
9247
2377
6141
9629
3957
2630
3478
1996
9692
2553
2980
5659
7969
4670
5707
3668
5956
134
1179
126
9219
6511
385
1557
2590
9118
5770
7750
8570
6268
9667
2426
5425
4827
4717
9612
2902
2371
4412
9432
1814
9309
9646
9537
6794
7995
2104
8127
3449
3537
1291
468
9002
4885
7958
2650
5960
7503
4421
938
1166
1820
8071
6651
3073
2133
6382
6166
9197
7543
9200
3394
6712
5215
2602
4000
9938
1124
6195
7653
8206
1024
30
5039
3274
1884
4602
7446
6266
1480
5492
3489
52
4276
2780
7122
1892
7133
6005
8399
2511
5495
7925
3646
3428
1299
1852
3708
1502
8638
9282
6250
9719
6247
9929
676
1735
1722
5922
8047
8778
3741
7275
159
5311
2758
5958
1090
5596
5815
4852
5053
1023
9671
3024
97
784
5262
537
312
2050
4925
1335
5986
9368
3384
2063
4919
1204
5745
4593
5528
6714
8722
5167
3927
564
9719
9832
7071
9103
7829
3810
1842
962
7803
8261
7821
8654
6292
3364
1706
9441
645
487
8753
1925
521
2148
9627
3813
4199
3693
2854
7344
3388
1522
3742
7414
2187
3799
3198
1695
9886
6864
1330
2427
9799
6712
3256
6100
7079
7937
9187
5872
8746
8742
2012
8418
1150
8637
1685
512
9278
5480
5275
9359
2479
8506
2168
5258
774
8663
3041
3154
5475
212
1747
8863
4319
9197
9861
4389
6061
2693
4634
7666
224
1016
8453
7587
1289
8285
8153
4662
1563
599
5708
6186
4894
1979
2872
4627
9339
5931
6398
9642
7482
2449
2103
6465
6806
9015
5768
516
6986
3139
6529
5051
1195
273
1410
1404
7569
4664
3098
6365
7874
5438
3950
9639
77
4727
8835
7910
4176
601
8488
5261
7255
2267
8018
886
7154
5371
1029
1975
3041
239
8572
9152
7006
4228
662
2833
2679
9554
6045
7817
6023
849
3572
9497
9057
8036
1468
9959
9256
1827
2227
1470
5485
9126
74
226
1525
2973
3201
2961
4790
1566
8225
5317
7663
5446
1157
8598
5441
5520
3990
2221
3694
9843
6306
9908
1021
5301
9384
9592
182
7902
8099
416
9680
9415
8529
9784
4757
7745
9694
1830
6318
4594
9586
2845
288
299
3075
9600
9187
3125
1384
7134
7051
9481
7756
6187
4549
334
5371
9232
8672
5469
5212
5193
9797
9361
8683
524
6916
2235
7650
9050
7884
1953
7027
925
4791
8486
6693
2689
3808
7573
7336
7023
6178
9847
4246
2900
6142
4196
4089
7313
9384
1286
3603
2236
3983
5321
3422
4707
7607
9022
3280
6400
5845
5983
4234
2856
8198
4253
1165
8334
1532
2693
3482
2021
2006
9105
1813
5170
1643
5642
2309
592
5523
1867
5963
9708
1666
2449
6524
2401
9154
6527
2380
3966
6380
782
7513
7427
3266
6274
8241
7755
5548
8807
6369
4947
3725
106
7404
2217
7665
1044
1764
48
8549
145
7783
7087
7699
9935
1273
4345
8345
1874
8426
6615
1077
4388
5460
5745
8463
7482
2596
1485
1411
9025
2274
5470
5913
1319
8446
4941
5907
1703
3721
8693
6658
8252
8813
7080
5606
8262
9834
6639
1520
747
8319
847
5381
7620
3841
8055
8577
9912
6154
102
4005
6583
5713
8889
4272
4716
5569
3026
7477
3206
6985
1908
1966
3664
7520
6171
941
1275
2515
5305
9291
4301
173
7610
7951
5763
1282
2361
8460
6658
1735
3563
4583
3307
9441
5705
2964
9869
9224
7036
108
9477
3032
7921
5517
2416
6741
7372
2942
5553
9560
5496
5421
365
2410
4540
2888
7732
2075
202
8340
4506
9871
9185
9709
3731
5319
1218
2314
5822
8392
4495
9020
6168
4697
5407
51
3793
4222
6063
4397
8364
7420
6947
1692
7919
1241
8761
9347
2795
9793
9774
5101
4373
4007
8218
6633
7619
1382
1447
8118
1058
4259
8383
9735
628
7410
7459
7076
2087
6241
2760
7101
2928
260
3931
8811
6935
7694
869
244
1004
9768
1738
6762
2551
6978
3788
5170
4493
7891
7196
3196
5838
447
5840
83
8380
4788
1040
7923
9958
8688
5323
2834
370
8643
3479
4125
4201
5741
1237
9296
8475
6036
7650
9409
692
4115
9177
8697
3751
7698
5382
7728
4262
1854
1990
7668
8884
4214
5387
8294
1441
1361
9724
4385
3573
1695
5272
4567
5320
778
9515
9978
4621
3624
265
4612
2831
3984
5719
9780
7844
2887
7561
1014
718
7350
3286
1117
5232
282
1431
3135
4798
1479
8623
8573
9485
9145
7909
7214
937
2985
8092
807
8693
4233
3763
2825
9389
7628
8328
2342
2808
3157
312
4721
3226
8250
8418
9634
6645
9172
9225
5827
2303
406
1208
7435
3454
2264
4272
1556
9136
6447
9692
7258
168
2794
7606
3746
3746
8972
8754
3732
8088
2113
120
9319
9405
2654
9823
5256
7606
2794
6389
8774
1641
4195
8011
6814
1885
206
4077
2910
3953
1263
4463
9063
1145
3777
5843
8068
4850
7378
2008
769
7607
9886
2684
2938
7452
8151
49
8002
6280
2766
9150
1821
6127
4496
2524
538
7869
7008
5537
5776
1695
6957
9322
1315
6236
5664
9936
5251
8625
1492
4973
6498
7177
4609
1449
1664
683
5783
7645
213
9437
6196
5224
9370
9239
4371
5087
932
6082
3057
2431
8334
4448
5229
431
8369
2581
587
9857
4563
130
1460
2791
8218
8690
3870
9618
1307
2622
4404
6277
2708
9499
7522
5768
5329
6083
6095
8985
3151
2417
4630
7468
3243
1382
5763
1587
1430
2888
3079
5049
7560
3578
7032
3769
3517
9831
7721
3964
8720
7288
2513
6894
5667
789
2138
6338
6760
5656
4936
572
1391
8413
9539
4828
3229
7125
4211
9387
8117
2250
328
9085
1126
7565
8627
3014
2992
8555
4373
2378
1891
7454
6834
7709
8631
7776
2576
8809
9938
4506
5746
9037
8793
8538
3676
2514
2023
5363
6754
6057
7475
5150
4257
6064
1008
3695
5098
2708
2854
514
3799
7553
7001
8100
9323
868
3331
4542
9994
5009
9587
8476
8225
64
1105
9564
8260
4835
1980
8418
2371
3666
6962
5433
7944
4231
508
9475
7295
8390
1396
7601
498
1700
5891
5006
5504
4121
235
1653
6442
6719
8766
3156
8778
74
394
2792
3264
5634
4225
6792
8042
6939
425
3757
1838
8758
1420
4606
5496
4720
2765
7547
6747
4824
7800
1376
9350
3886
4276
5881
1508
7511
8281
3220
6319
3549
2520
3777
2611
7059
9243
5494
6123
9206
7913
1536
9994
5264
2022
5188
8167
1590
3525
180
550
3904
7979
7709
3135
6841
5234
6636
9742
3532
9446
5201
4806
7982
4655
2332
1906
3675
2572
5747
8426
3321
2024
3301
5966
6153
3660
4969
7298
4428
4769
2848
8662
7393
7744
7002
5729
1964
5416
7972
5273
1667
26
8078
530
5810
2917
4363
1457
2926
7433
6306
6939
3943
9738
6625
6015
518
8851
6273
1420
1206
7140
5204
2304
4399
6010
4139
2079
3933
5642
6212
6156
6639
4473
8241
5319
187
4635
1412
1011
8367
7862
5558
6659
7491
6178
7511
224
378
9871
3503
7897
7160
2099
4227
2792
6477
7663
2372
4909
6974
7708
577
489
8197
39
7804
2617
6815
5207
8378
3437
1827
4183
5956
7892
5235
7524
5227
1734
6843
2500
1736
1150
1750
9873
7537
8657
4799
8945
2232
319
2645
5971
5789
2389
1832
2600
8116
413
6080
7820
1521
5523
7518
2768
9216
9732
6873
6789
6385
5781
9082
262
4240
6493
1572
3650
3299
4704
8298
7797
8348
5465
2789
1763
5790
5972
3101
3888
3917
3397
2068
7759
1262
1368
4130
708
2094
3814
3611
6856
94
2256
4989
4633
8731
4380
5382
8571
3132
7017
4482
272
5172
7568
8177
8815
6728
2825
6551
2899
923
3735
3774
8643
532
1953
6182
5721
9281
9374
4300
1922
8837
3612
56
8577
796
4029
9664
8848
6896
8015
7450
5668
2372
1351
6799
571
9293
8441
8123
6949
2177
2134
6705
5132
631
7426
6044
7442
4046
5888
4848
1605
2186
7101
1582
9698
9577
3686
1846
7795
8723
3127
7767
4918
8192
6737
7954
2156
8451
375
397
553
7828
2806
7763
8383
7356
8142
6984
2882
9769
4049
2586
6168
2593
8710
7588
239
3444
3098
3932
8826
8570
5493
2236
4042
8011
1588
1406
3285
6157
1593
4016
9365
9208
6971
6726
8911
4502
5722
1615
5166
7334
1875
4592
2637
3199
5212
7277
2238
9698
8030
2966
9225
8664
3228
1886
5443
9930
3620
454
3130
6064
8368
1960
8283
6209
4841
6560
6801
5753
7578
1221
8315
6120
9036
2981
4744
2183
483
3502
465
5206
2404
7321
419
9121
257
4448
7927
6369
9123
5600
3424
2974
3379
5530
2865
8146
5205
324
8376
5961
257
4957
5179
6389
7119
7677
1069
9134
8174
8666
1341
3766
9906
3463
4684
4682
8760
3159
9017
1060
182
2127
9866
5229
1460
2106
3961
2513
9841
4070
2921
7979
6516
1947
3315
6079
2016
7100
513
1606
3250
4390
1526
756
4842
3141
2809
9925
3300
8294
2476
1926
4914
7335
7181
8193
2440
1099
6600
6144
9187
6473
9510
6050
7430
420
4951
8187
1059
8214
9752
1941
7043
2853
5184
9109
1650
4567
77
4536
2106
1378
8950
8413
4314
5340
7068
4316
8402
5329
2914
4403
9182
3507
5782
6770
2829
1500
2059
3372
5101
4367
8020
8734
4004
8124
9983
684
5549
498
508
5287
7325
7534
9097
2123
5906
6930
3451
660
9911
8705
2139
5488
3014
2551
9387
7423
6763
3814
1059
7736
2768
8027
7404
8566
90
3886
8247
5439
8063
9368
7531
1716
2307
1455
1738
7188
6702
765
3327
8396
7483
7567
1015
5449
4991
4249
6105
9998
356
9927
2626
5825
6706
4014
5041
7919
3785
5616
2124
4928
4637
8735
1965
293
4334
3401
9773
5022
6482
2209
7612
3544
2146
3742
4778
9284
7422
2045
4164
9058
5229
882
1134
7052
1174
4924
3673
3471
5108
9158
4034
1028
6297
953
215
7806
7090
8687
6774
2315
5107
802
4884
2269
1119
1267
567
7203
565
2167
2513
8000
522
2572
7305
861
3520
3401
6680
9866
7264
9155
4780
9807
5177
4683
1532
1345
7636
4501
2169
4369
9075
1844
6077
1998
3526
6705
6708
746
2890
1291
9891
7274
8863
4808
7801
5303
1476
8361
3344
5858
8976
363
464
1557
4896
4170
3601
5764
7704
7632
5210
8962
1304
9195
3819
8991
413
2189
8051
3951
9808
61
5023
1942
7567
3979
4496
5440
4326
4544
3208
3357
5002
6931
3536
2329
9522
7992
841
9482
3970
7508
365
18
3797
2316
7313
8901
7366
6522
1914
8004
3659
3473
5032
9431
2559
1112
4211
8666
6250
482
6865
1310
4496
2671
770
2576
4563
7355
1160
5063
2773
2036
4198
2887
5294
8985
7283
9314
7925
4541
9003
4734
7583
6171
8499
8386
5634
2708
3543
7034
965
8852
4225
6010
8502
370
6312
5406
5591
1142
6243
5440
7334
3349
2728
1987
9111
1319
7398
3404
5008
9130
347
1569
7121
9071
387
4074
7149
2386
1566
3107
8282
2664
8140
3539
4481
5617
711
7479
5378
6860
4749
8552
4008
2698
7577
75
5012
2186
2109
3799
9465
2308
7582
1809
8275
81
2556
5827
4884
711
2109
8091
7629
8179
3733
527
5237
9663
563
7631
5833
9299
123
2099
1984
4311
8939
3651
5050
1959
973
4853
2197
2623
2760
6369
7899
7094
9795
3745
6443
7719
9303
3492
5250
5673
9584
7858
5014
5041
4000
9081
6687
2366
8480
7653
6482
162
4644
6207
8715
1328
6681
8668
9623
8912
1517
9894
668
7648
6843
5673
2293
6325
8242
7891
1885
6799
706
8222
6343
1978
3282
6666
1688
8512
2048
4067
9986
4764
3334
8562
3005
7034
7685
5039
1892
8603
3057
8340
2714
7348
937
6957
9767
4789
8913
8060
4386
743
9982
1097
6765
5807
2285
2118
8840
4175
2688
112
7923
8060
3606
2577
1923
1898
1014
8803
5392
4963
2552
1871
1977
2246
3584
2372
404
2764
2407
9779
6614
5222
456
9798
5355
7875
8260
7201
6259
7390
19
1008
489
3731
8344
8176
7121
6002
6847
4763
7870
9964
5893
8283
9805
7147
4212
7295
8129
8286
9594
3003
6284
8849
1365
3257
3718
5563
4157
3006
1261
1297
1518
8776
810
8440
8528
2931
6220
8408
5989
4475
1635
4203
8622
8091
1850
3413
218
7156
898
7406
3948
2137
3800
346
680
695
4082
8634
1434
3458
5067
7116
1684
7291
56
2845
1426
2254
4966
3790
3818
1559
3826
6900
2613
2980
5749
8105
2661
1798
7642
1121
7539
657
2318
5367
9510
2899
6322
1045
5201
3217
3311
434
7769
6701
8088
7062
6369
6612
725
7722
6069
4404
8417
7674
3424
3898
2689
3564
122
4457
5166
1290
6833
8263
994
3802
178
6401
1276
848
7268
7087
543
4953
5522
5250
109
8040
323
6650
1691
6878
7432
9972
5282
978
8913
4529
1170
4672
3612
2834
210
6558
2475
6718
3800
7529
7232
6966
1089
8254
584
2752
5934
5076
8658
3167
1548
7719
6699
6276
6366
7888
5767
2430
1001
7839
7709
2524
6412
2923
8831
6659
8761
8336
8885
3756
1525
4871
245
9621
2216
8275
7809
6087
144
7847
1182
1255
841
6630
6412
4598
8881
5698
7254
7331
8619
9318
4360
6929
8435
5455
7592
6419
6072
4773
2419
3907
2171
87
1301
706
5571
6932
3284
3449
5290
6310
8841
606
3959
9353
556
4755
937
2346
1611
6985
8060
7274
9734
786
251
6306
7530
4099
8387
3024
169
1864
896
8767
9810
1057
4614
9205
5362
5466
8894
9637
9783
6201
3323
2581
5309
2672
9592
9835
135
2323
3872
5088
1883
1699
8377
870
42
9561
6317
7750
4746
4654
1863
5410
8371
263
7079
4329
3090
7934
6226
1848
1645
8795
9273
4094
8340
2705
6131
1528
3008
2293
3498
9211
4731
9338
4400
8929
7451
7992
2635
3322
8636
4459
2468
9619
5001
8407
24
5540
2423
7864
4857
1892
4190
7048
2404
1767
7573
8490
9023
5895
5641
4356
7471
6208
2761
1833
4275
2645
8401
3108
2657
8609
3714
3889
9483
7320
3722
9829
9486
4332
5717
8398
3143
5963
2975
9012
8337
7013
6852
6351
783
651
631
2370
3778
1571
3531
4661
3272
8664
7889
9553
5394
62
3039
3797
2977
5988
8809
4373
5212
1986
9007
5218
4448
6594
5731
2788
7940
7307
2085
2019
9623
888
2541
3014
2265
9431
5236
8290
4051
9645
4703
9156
3
6438
8760
8954
3096
3963
4555
6060
1879
9276
2683
2776
9880
7629
5311
2891
8224
3278
5356
7083
6075
4081
2751
7697
629
2160
8455
3844
4982
2727
9725
160
5704
4525
402
8022
2742
8368
9779
7485
4451
4254
8875
6614
8659
4208
8997
9565
6810
2049
2092
1579
751
3676
2546
4777
8445
6403
5785
3887
3366
8252
5425
3834
9828
2038
3855
6923
9582
3465
8662
700
5427
6443
9540
9950
4166
4047
9788
5567
7062
3385
795
7255
7896
7660
857
7393
195
3588
1871
6630
3480
9055
7967
3236
7452
8693
4404
3806
2068
9369
7143
6526
2716
9128
7738
9078
3972
9135
6741
6707
1383
4793
7708
5090
201
4773
2137
5117
8092
1334
507
798
4111
4612
2266
180
916
3631
4917
931
1148
4036
4954
9526
2914
8041
2178
9504
2976
7906
135
6351
4242
8486
6626
2546
5637
1243
2405
417
1211
2045
1202
2027
3503
4814
6150
8941
4703
6424
2790
7326
6922
1966
2148
8584
7096
4497
4142
9952
6752
3245
147
9079
7002
2835
8370
4249
5682
6914
2722
690
9813
4287
5512
8976
7564
9539
9224
2756
2786
787
43
8370
51
2395
5848
440
7427
4932
386
3340
3400
21
5759
5597
9781
3797
5265
524
7315
6494
6370
4163
2334
2285
5664
9347
8186
8662
6243
4236
1457
6469
6759
6965
5402
4335
6907
8011
4518
1239
5716
4918
2218
3980
958
8583
5924
1775
9873
4894
4525
195
4284
7849
2282
7149
5536
7238
1998
7995
6139
5049
2735
2897
5104
1753
1395
4750
2320
7892
7367
5741
4231
6323
7931
2888
1973
8009
3646
8454
8743
2949
1954
309
2417
6534
4844
7283
3099
9470
7594
1078
8389
3039
3265
6412
1960
2338
6049
5340
7547
887
7687
5083
4719
1383
1728
2539
1815
1045
2037
830
7703
5715
3336
7304
6424
4768
2584
2274
2516
6207
2132
4059
3957
499
8378
3033
3093
9670
9675
6109
817
7257
8717
8757
9439
2422
6220
9739
5849
5921
3294
4394
6629
749
5713
2672
4626
8122
1796
8687
2177
5820
47
4798
4525
824
9759
1981
7817
1655
2498
3894
9349
1213
1931
9374
7869
9139
739
1914
5614
9536
269
9871
8596
4086
2227
9538
7477
25
642
7566
6964
4059
8559
1283
5492
3490
3812
139
4249
2186
699
2265
140
5671
6470
155
1947
819
5017
862
7322
790
4821
5328
7562
3556
561
2720
1540
1648
8903
7361
115
1102
7880
5214
2651
2949
8093
104
6825
8915
9147
1803
905
9899
8370
3343
2766
5578
626
3257
6722
4024
7723
6561
1242
2009
3599
2911
6436
1011
2086
6943
1072
2106
910
2195
4408
8550
3037
2824
9934
6326
2661
5392
2880
2830
8722
5838
1466
7532
6211
8001
3225
3705
7730
9207
9943
3802
1282
6659
1720
1366
9156
9306
5760
3746
2358
9799
8622
2024
9049
3694
169
7559
5741
4829
9190
8323
827
4814
8739
61
1294
9385
4051
989
5727
7110
7767
2011
8188
2353
2133
5278
2741
7254
3671
6012
3570
476
9570
7759
4292
9726
2817
585
3527
7860
5070
7166
5328
8784
3261
3344
7657
740
9397
6936
9798
9025
4348
4432
1507
1067
2910
7038
6476
8024
1017
1882
440
2215
8599
6176
6899
2877
6137
7729
4871
2890
1901
9956
8934
4890
2252
8122
1047
264
5859
9487
90
2397
5323
3020
1082
7878
2391
8074
6846
5156
4346
6849
7963
3228
8546
3534
1658
1615
693
4947
289
6004
8502
360
177
10000
9076
9007
2220
7320
1824
8037
8128
8989
6040
1172
7957
3575
8469
2454
9327
4973
4813
9845
6927
8975
2662
125
7340
663
2968
8098
5674
4708
8942
5742
4165
5190
9577
2259
204
3752
4640
8942
5916
550
1287
9036
6888
8720
7739
3623
3490
8423
4680
5897
6441
389
4727
7858
2159
8857
1192
3572
7237
9407
2199
8042
6261
398
2494
2297
4891
3659
695
3215
3138
668
5564
2072
3703
694
5662
1232
3484
1047
8110
1138
8459
1728
2730
3391
7284
6938
6391
4011
4917
778
8344
8497
8406
7055
3209
5254
8206
1959
3754
9739
5093
3138
8427
9532
3926
1326
2385
6373
6528
4785
1490
9413
2747
1525
6306
5130
5538
3582
2955
6636
4320
1095
2914
2486
8827
6283
748
5038
8
2351
8781
5142
8729
5580
3080
4299
9770
9386
2968
8923
3012
1560
2521
2308
2075
7625
9764
9543
2859
5016
8886
8426
7114
6188
9580
109
3577
7910
9884
7253
8109
6647
6851
132
228
2271
1927
6298
1222
7200
696
8565
4730
4113
6248
4307
2321
2606
6979
4040
1299
4509
285
8491
3605
5803
4775
1483
8628
6693
6494
9279
4785
9043
16
4378
3512
462
8075
9149
4686
1299
196
5223
5670
8607
7025
1368
7392
602
2692
5411
7376
3808
6212
4593
2838
8122
3193
3170
6623
7708
9764
2799
7400
7287
4553
7723
9370
7678
970
264
1814
2598
2705
6949
3517
839
6489
3797
5405
4495
9449
3179
1252
806
8847
4033
5810
1996
9845
152
6895
3422
4147
7898
3766
8663
3345
4539
2797
3443
9990
670
7906
7919
3970
1556
8419
8812
6644
7023
9690
867
3657
9332
211
8082
9442
8815
5260
6852
9456
6353
7304
5343
3567
548
6079
167
172
4543
9062
1984
2052
980
5094
3729
7819
6775
1404
2563
710
4906
3757
7080
789
2035
6611
6041
7680
2335
9528
8440
413
7055
6765
180
3483
5313
1480
5387
9487
6490
1641
2074
5288
5199
3079
7583
6961
9570
6539
7519
7330
4457
6616
8948
5251
8539
2950
8686
6959
8596
5690
8715
7121
2456
4067
8689
1693
1316
9300
983
8221
1296
3593
4196
2390
6208
8424
975
3095
5738
5445
6997
654
6882
1937
9594
7639
6544
5888
8454
7537
6595
406
4272
5023
7823
7374
9033
7800
1794
4119
2575
3899
8853
9611
386
1666
1806
4108
2452
1554
1490
14
3769
125
2727
395
9709
2052
1111
1031
3813
8316
2640
993
5277
5787
8313
18
6481
5071
5023
3621
7527
3836
3326
3523
2218
6944
4171
3993
8626
2421
6142
4905
3342
8978
3229
5850
7379
1630
9203
2061
9438
8370
1487
7725
1989
3530
4985
5218
8556
7448
2351
8610
2676
9828
4974
116
8749
596
12
7539
5452
6308
7730
827
7256
6915
488
947
7279
6970
600
7126
1045
3465
1764
2848
1788
8239
67
1554
2879
4213
2326
8770
584
280
6681
7699
866
5410
4021
9436
8216
8372
675
9479
4572
8770
4651
4904
9572
6411
90
4984
3743
4083
3042
7165
2982
4014
6939
8312
3981
1707
39
1530
872
2283
3492
4291
42
6062
3002
6793
969
2392
4484
226
542
2772
1691
6143
4536
4613
8862
5557
2208
5733
9774
8744
3575
2748
8550
8869
4827
5535
5271
4781
4664
2082
2257
7130
796
3771
1679
2991
9139
9573
2745
6544
3473
6685
5612
6971
4046
3005
8807
385
1675
6307
1468
2853
4115
6957
551
3024
3532
7795
2202
2703
4925
7376
1590
3098
3098
5278
8919
977
5370
4574
3159
5140
8777
7185
9362
5935
6218
8518
7097
193
3588
2881
6208
360
7262
2772
978
59
2085
5884
9812
8276
8969
3418
39
711
1048
6764
6711
1347
3810
9912
8672
4852
9452
7940
7345
482
1376
1493
2728
7753
177
1922
4749
5606
6972
5733
9243
7227
2153
5374
5609
5120
6994
5411
7398
8438
1643
1143
2259
5401
9519
3125
3434
913
6443
8218
1356
4437
3875
925
505
2461
851
3660
6328
5442
1697
8372
6263
5204
9117
4332
4636
6967
890
4831
6009
923
8854
8548
7294
4743
6453
9484
4313
898
4508
6679
5288
2157
9849
4419
767
2912
9552
9602
9509
8559
4369
9910
7417
3545
4261
8332
6274
238
7190
8403
6948
9786
9566
5591
1582
5857
6664
5694
880
9545
7955
5567
6905
335
805
6298
1967
3895
3788
6231
1096
707
3696
1263
2181
2303
6004
289
5503
2231
2315
3570
9977
4086
4007
2404
4325
2172
7388
98
18
7147
115
3733
5683
4574
2203
3126
747
2325
971
3617
8325
9122
1426
1218
4832
2570
1998
4766
7367
4312
5339
1344
5566
5364
3444
7519
8136
9211
5701
8329
4534
8715
8113
1951
7722
9981
1535
1164
409
9488
223
8306
9935
4734
5387
8995
3453
2365
5800
7113
5901
836
4140
8354
7958
4231
1433
3228
7259
7362
3639
1817
5437
2926
7713
5167
3073
3826
2325
8399
4988
3850
6767
8559
6059
4540
1199
5014
1088
2397
9814
580
9910
111
9056
6140
3957
2357
4220
7967
9985
3957
3719
1877
6349
88
5349
5290
9197
6801
3985
8515
9961
6663
13
6444
4285
6209
2594
64
1549
4333
1867
2996
5910
2173
3453
9776
5472
1535
3742
9995
7343
4856
3159
7458
5353
4476
3764
3620
5074
7164
9352
381
1267
4620
9773
4157
4409
5680
7577
7141
1833
2722
892
6701
6161
2243
8278
9157
6010
9916
5205
4454
9625
2639
1084
4835
1541
3807
8592
5570
5092
4441
2668
3121
4606
1389
4292
9910
9490
3229
486
4392
135
8352
2460
5459
4682
7219
8926
3244
8103
5310
85
8194
7171
2415
4554
957
1846
1317
2077
566
8054
4234
9842
1170
8462
1869
2741
6283
3709
5356
8142
9917
4123
8091
9904
1802
8487
1635
6107
6987
4811
1194
9105
8804
5473
8826
278
7923
1615
385
5040
4244
6909
4357
9022
452
4696
9794
2245
6256
3822
6081
7302
7545
9402
7110
7995
4998
2074
5702
8064
6614
2971
3315
2414
5057
8310
678
5026
1929
9124
8120
6093
1234
9133
4781
868
9131
4750
5341
2200
2649
2009
6640
2544
3647
4454
3814
7618
7691
8216
7280
2337
415
3226
8174
7967
7899
1304
6758
7396
2404
6537
7022
6151
227
7706
9846
7257
1116
4247
7045
8529
1593
8546
8366
9121
6691
4150
7278
296
5869
1060
8773
5233
7789
6524
223
9817
7463
8217
8334
1790
3031
4803
4662
8562
9643
8280
6180
495
1563
484
2636
9700
8470
3292
5726
7182
4314
2299
9155
66
207
9044
650
710
2001
8086
5530
143
3321
381
3795
9157
9191
3237
5909
2643
1117
2346
2748
2043
9723
6571
791
4567
706
7820
8899
6361
8407
6427
5385
7091
6151
1194
8001
1683
6753
3371
5106
7414
7109
6986
6311
6430
8231
7508
1407
126
751
1189
7552
7154
1776
8335
745
203
7506
9190
8403
5400
4207
6313
5076
9440
2791
4059
5616
5212
6337
4351
3627
7474
5694
8610
944
3531
1691
3250
4135
8662
2771
3133
8358
2534
2078
1636
5511
8742
5499
590
6418
5773
1045
4489
135
4845
6709
8379
682
933
6883
7654
4427
758
2122
554
3824
6386
5640
1733
3042
8112
7310
502
9121
1004
4394
7871
4037
8796
6847
4568
5698
3998
6974
7935
7478
2381
2851
973
2931
2674
398
3013
564
6902
8044
9542
4429
3030
4977
4800
3811
9551
4244
5539
8549
3641
7768
1634
3190
4928
6931
3255
4248
6061
3420
5376
1991
6964
3078
23
2543
5895
9747
2767
2298
2903
2167
6570
6282
4650
5723
920
8592
6936
4793
3209
3558
4319
2507
1172
1391
7255
8011
112
1225
7008
9942
7535
4892
3639
4450
7323
6434
3720
2920
6136
9699
301
64
297
1691
4452
4921
511
1098
7838
945
2012
265
5524
8103
9222
9492
8148
1642
1495
5896
3466
2654
2992
9082
3866
8955
4878
8529
5273
2705
2789
4353
3339
9180
3065
7621
4966
5007
5083
5960
7782
8176
5456
7168
2779
1137
3822
6824
6236
4374
1503
8649
8622
1944
5240
836
7952
965
8468
7598
2606
5633
9289
4456
4261
4253
6508
2890
9542
3778
9424
9916
4596
1402
9529
3169
8583
3356
6799
848
1283
6658
6654
1536
7442
1032
3450
1311
3950
2611
4608
5439
7099
5532
3080
6174
6881
1592
8854
976
8759
2597
3824
6443
8122
579
4602
3999
1326
5276
7757
7504
2716
5041
5718
7217
6089
8403
5386
3327
9175
6891
6375
2615
2692
3511
5702
3093
9984
7409
3709
6970
2781
205
7473
1977
895
3182
632
1854
8290
2534
5628
6923
6203
5001
3852
6369
775
2028
4029
5383
6303
4096
1677
4538
6829
789
9896
9937
1720
1356
7683
9196
9451
3821
2134
7577
9573
3633
6663
1554
9049
5181
6785
7142
6709
1388
3780
3746
5279
7336
9989
1772
3036
3269
5798
7820
5402
9722
5937
9912
6653
9533
2350
394
4807
3961
4979
2192
1936
5950
107
719
9302
3254
9647
6821
5005
5055
8433
4346
2487
5338
6696
5330
5391
4287
8278
610
3648
5915
5509
9132
8258
8231
3151
2744
3924
326
8061
4881
5589
7003
1143
4842
2396
9876
3147
6779
9720
9927
3481
1868
6354
4375
1370
1004
7279
371
6768
494
5633
9467
4809
3617
6796
3504
8173
5979
1222
9511
3415
5121
5736
1098
8785
4357
4001
5227
6407
7965
9322
9766
1310
7404
724
4722
1597
9231
5581
4867
633
9094
5922
3535
4239
8909
7215
8634
7387
1221
5009
3793
6565
9236
3852
9760
9355
6742
3640
7920
2969
5407
9510
801
5717
6654
8449
7887
9335
4591
6112
356
709
573
9015
2154
5581
4001
8781
4859
3644
5212
7705
791
2956
6798
9078
2033
6506
608
9253
4663
2708
4948
3377
524
3585
9254
189
9459
6987
751
3066
9194
9624
1431
2853
1729
8455
1684
5693
3509
8741
2963
9362
1502
7247
4098
7673
2545
7425
5639
9564
8146
7357
3393
3198
3290
