1
2
3
5
7
8
13
13
16
16
18
19
19
19
19
21
21
21
23
23
23
23
24
26
27
29
30
30
33
33
33
34
34
35
37
38
38
43
43
45
45
46
46
47
49
51
52
53
56
57
58
59
59
63
63
64
64
65
66
67
68
68
68
70
70
71
71
74
77
78
78
79
79
79
80
82
82
83
83
84
84
88
88
89
89
90
92
92
92
94
94
95
96
96
101
101
101
102
102
102
103
103
103
105
106
106
107
108
110
110
112
112
112
112
114
114
115
116
116
116
118
118
119
119
120
121
121
123
125
125
125
127
128
131
132
132
132
133
134
134
134
136
137
137
137
138
139
141
141
143
144
144
146
147
151
152
153
154
154
154
161
162
164
164
165
166
166
166
167
167
167
168
169
170
170
170
171
171
172
173
174
174
177
178
179
181
181
181
181
182
183
183
185
185
185
186
187
188
188
188
191
191
191
192
193
194
196
196
196
196
199
199
199
199
199
199
200
200
203
203
204
204
204
205
205
205
205
207
208
208
208
208
209
209
210
210
210
211
212
213
215
216
217
217
218
220
220
220
220
220
221
221
221
222
223
224
224
227
229
231
231
234
236
239
239
241
242
243
243
244
244
244
245
245
246
249
251
252
252
253
255
256
256
257
260
261
261
261
262
264
266
267
267
267
268
269
269
269
272
272
272
274
275
276
276
278
283
283
283
284
285
288
291
291
291
292
292
292
292
297
297
299
299
299
300
300
300
301
301
301
301
302
303
308
309
309
309
310
314
315
318
321
323
324
328
329
330
332
332
334
334
335
335
335
335
336
337
338
340
341
344
345
345
348
349
349
350
352
352
353
355
357
361
361
361
362
362
363
365
366
366
367
369
371
374
375
376
376
377
378
378
378
378
380
380
380
382
394
394
395
395
397
398
400
400
402
402
402
402
403
404
404
405
406
407
407
410
410
410
411
411
411
413
416
416
416
416
416
417
419
419
420
424
426
426
426
428
428
432
434
435
438
438
439
441
441
442
443
443
445
447
449
451
451
455
456
456
457
459
460
461
461
464
464
464
466
467
469
470
470
471
471
472
472
473
473
473
474
475
477
477
480
482
482
486
487
487
487
487
490
490
492
493
494
495
496
496
497
498
500
502
502
503
508
510
510
511
516
516
516
517
518
520
521
522
522
522
524
524
526
527
527
528
530
530
531
532
533
534
535
535
537
538
538
540
540
541
544
545
546
547
547
547
548
549
551
553
554
554
555
556
556
557
557
559
560
560
561
563
567
568
570
570
572
573
574
576
577
577
578
579
580
580
581
583
588
588
592
593
594
594
594
595
596
597
597
600
601
603
605
606
606
607
608
609
610
611
612
612
613
618
618
619
622
623
625
625
628
628
629
630
631
631
633
635
636
636
636
639
639
640
640
642
643
643
646
647
648
649
649
649
653
653
653
657
657
658
658
659
659
659
661
662
664
665
667
669
669
670
670
670
671
672
673
673
674
675
675
676
676
677
679
681
682
683
685
686
687
687
687
688
689
689
690
690
691
691
691
691
693
696
697
698
699
699
699
700
700
701
704
704
705
706
712
712
714
716
716
718
719
720
721
724
725
725
727
728
728
729
731
731
732
733
734
735
735
737
739
739
739
741
743
743
745
747
747
748
749
754
758
760
761
762
762
762
765
765
766
766
767
767
767
768
768
771
772
772
773
774
776
778
779
782
783
784
785
786
788
789
790
792
792
792
798
799
800
801
803
804
805
808
808
808
808
809
810
810
811
811
811
813
813
814
816
816
817
817
819
819
819
820
823
824
826
826
827
827
828
828
829
830
831
832
832
833
834
834
835
836
837
839
839
840
840
841
841
843
844
846
847
847
847
848
848
850
850
851
851
851
852
853
855
856
857
857
858
860
860
860
861
861
862
864
865
865
865
865
866
866
866
867
868
868
869
869
871
874
875
875
875
876
876
876
877
879
879
881
885
885
887
887
888
888
888
888
888
890
891
892
897
898
898
901
901
903
906
907
908
909
909
910
910
910
910
913
915
916
916
917
917
919
919
920
924
924
925
926
926
928
928
929
930
930
932
932
932
933
934
936
937
938
938
938
938
938
940
941
941
943
945
946
947
947
948
948
949
950
951
953
954
954
954
955
955
958
959
960
960
961
965
966
966
968
969
969
969
969
969
970
970
972
974
974
974
976
976
977
977
978
979
979
980
980
982
983
984
984
986
988
991
992
993
993
994
994
995
995
998
998
1000
1000
1003
1005
1006
1007
1007
1008
1008
1009
1009
1009
1010
1012
1012
1012
1012
1013
1013
1013
1014
1015
1016
1019
1020
1020
1021
1022
1023
1025
1027
1028
1028
1029
1030
1030
1032
1037
1040
1043
1044
1044
1044
1046
1051
1052
1052
1053
1054
1056
1056
1057
1059
1059
1061
1061
1061
1062
1064
1066
1068
1068
1068
1068
1068
1074
1074
1074
1075
1077
1080
1081
1083
1083
1083
1085
1089
1089
1091
1092
1092
1094
1094
1095
1096
1097
1098
1103
1104
1104
1104
1106
1106
1107
1107
1107
1108
1108
1109
1109
1112
1113
1114
1114
1118
1118
1119
1120
1120
1120
1121
1123
1123
1124
1125
1126
1127
1128
1129
1129
1130
1130
1131
1132
1132
1133
1133
1134
1135
1135
1135
1137
1137
1138
1138
1138
1139
1140
1140
1142
1143
1145
1149
1150
1152
1153
1154
1154
1156
1156
1156
1157
1157
1159
1159
1159
1161
1162
1163
1165
1166
1166
1168
1168
1169
1172
1172
1172
1173
1173
1174
1174
1174
1174
1175
1175
1176
1177
1177
1179
1180
1182
1182
1184
1184
1185
1185
1185
1185
1186
1186
1186
1188
1190
1192
1193
1193
1194
1194
1194
1197
1197
1199
1200
1202
1204
1205
1207
1207
1208
1208
1209
1210
1212
1213
1213
1214
1214
1217
1218
1219
1221
1221
1221
1222
1224
1224
1225
1226
1227
1228
1229
1230
1231
1231
1232
1232
1233
1234
1239
1239
1240
1240
1242
1243
1243
1244
1246
1248
1248
1248
1250
1253
1253
1254
1257
1258
1258
1258
1261
1262
1262
1263
1264
1265
1267
1267
1268
1270
1270
1273
1274
1274
1275
1276
1277
1277
1279
1279
1280
1281
1282
1283
1283
1283
1284
1287
1287
1287
1288
1289
1290
1291
1292
1294
1295
1296
1296
1297
1298
1302
1303
1304
1305
1306
1307
1308
1309
1312
1312
1313
1313
1313
1313
1314
1315
1316
1316
1318
1318
1319
1319
1320
1322
1322
1323
1325
1327
1329
1331
1332
1333
1333
1333
1334
1334
1336
1337
1337
1338
1338
1338
1339
1339
1340
1340
1340
1341
1342
1343
1345
1346
1346
1351
1351
1351
1352
1352
1354
1354
1355
1356
1357
1357
1358
1359
1361
1361
1362
1364
1365
1371
1372
1373
1373
1374
1376
1377
1378
1378
1378
1378
1379
1381
1381
1382
1382
1382
1383
1386
1387
1387
1387
1389
1390
1391
1392
1392
1394
1395
1395
1397
1398
1400
1401
1401
1402
1402
1402
1402
1402
1403
1403
1404
1404
1405
1405
1406
1406
1406
1407
1409
1410
1411
1412
1412
1413
1415
1417
1417
1417
1418
1419
1422
1423
1423
1425
1425
1428
1428
1428
1429
1429
1432
1432
1434
1436
1436
1437
1437
1439
1439
1440
1441
1443
1443
1444
1445
1445
1446
1447
1448
1449
1451
1451
1452
1454
1455
1456
1457
1458
1460
1461
1463
1465
1466
1466
1467
1467
1468
1470
1470
1470
1471
1472
1472
1474
1475
1479
1481
1482
1482
1483
1484
1484
1485
1485
1486
1486
1487
1487
1488
1490
1490
1491
1492
1492
1493
1495
1495
1495
1497
1501
1502
1504
1504
1506
1508
1509
1509
1509
1509
1510
1510
1511
1513
1513
1513
1516
1516
1518
1518
1519
1520
1523
1523
1523
1525
1528
1529
1529
1530
1531
1531
1532
1533
1533
1534
1535
1540
1541
1542
1542
1543
1543
1544
1544
1545
1547
1549
1549
1553
1554
1555
1555
1557
1558
1559
1559
1560
1561
1562
1565
1566
1567
1568
1569
1569
1570
1571
1572
1572
1572
1572
1573
1574
1577
1577
1577
1579
1579
1581
1582
1584
1584
1585
1586
1586
1587
1588
1589
1590
1591
1592
1592
1593
1594
1595
1595
1596
1597
1597
1598
1598
1600
1601
1603
1603
1603
1606
1606
1606
1608
1608
1609
1610
1611
1612
1615
1615
1615
1616
1617
1623
1625
1627
1629
1629
1629
1630
1630
1632
1634
1635
1635
1635
1635
1635
1637
1637
1638
1638
1639
1639
1640
1641
1641
1641
1643
1647
1649
1650
1651
1651
1651
1652
1653
1654
1655
1658
1659
1660
1661
1662
1664
1664
1665
1665
1666
1667
1667
1668
1668
1668
1669
1675
1675
1679
1682
1683
1683
1684
1686
1686
1686
1691
1692
1693
1694
1694
1695
1695
1696
1696
1696
1698
1699
1701
1702
1702
1702
1702
1703
1705
1706
1708
1708
1710
1715
1715
1715
1716
1716
1718
1718
1718
1718
1722
1722
1723
1724
1727
1728
1728
1728
1728
1732
1732
1733
1735
1737
1738
1738
1742
1742
1742
1743
1744
1747
1747
1747
1751
1752
1752
1753
1753
1754
1754
1757
1757
1764
1764
1765
1766
1767
1767
1771
1774
1776
1777
1778
1778
1779
1781
1782
1783
1784
1785
1786
1789
1789
1790
1792
1793
1794
1797
1797
1798
1798
1800
1800
1800
1801
1802
1804
1805
1806
1806
1808
1808
1809
1810
1811
1811
1811
1811
1811
1813
1814
1814
1814
1816
1817
1818
1819
1820
1822
1823
1824
1825
1827
1829
1829
1830
1831
1832
1833
1833
1833
1835
1836
1837
1838
1840
1840
1842
1844
1845
1847
1848
1851
1852
1852
1853
1853
1853
1854
1854
1855
1855
1856
1856
1856
1858
1858
1858
1859
1860
1861
1865
1865
1866
1866
1866
1866
1866
1866
1867
1867
1867
1868
1868
1868
1868
1870
1871
1873
1874
1875
1875
1875
1879
1883
1883
1884
1885
1888
1889
1889
1889
1890
1890
1892
1892
1892
1894
1895
1895
1896
1897
1897
1898
1899
1900
1900
1901
1901
1902
1902
1905
1906
1908
1909
1909
1909
1911
1911
1913
1913
1914
1915
1915
1918
1918
1918
1919
1919
1920
1920
1920
1921
1923
1923
1927
1927
1928
1929
1930
1930
1930
1934
1935
1936
1937
1938
1938
1940
1940
1941
1942
1942
1942
1943
1947
1949
1951
1953
1953
1954
1954
1957
1958
1960
1960
1962
1962
1964
1965
1968
1969
1969
1969
1969
1970
1971
1971
1972
1972
1973
1973
1974
1976
1976
1977
1977
1978
1978
1979
1980
1982
1983
1984
1985
1987
1987
1988
1989
1989
1990
1990
1990
1993
1993
1997
1997
1998
1999
1999
1999
2001
2004
2006
2013
2013
2016
2019
2019
2020
2021
2021
2022
2023
2023
2024
2025
2026
2027
2027
2027
2027
2028
2028
2028
2030
2030
2031
2034
2034
2036
2036
2037
2039
2039
2039
2039
2041
2042
2042
2043
2044
2045
2045
2045
2046
2047
2047
2047
2048
2049
2050
2051
2052
2053
2053
2054
2054
2055
2057
2061
2061
2064
2064
2065
2065
2065
2066
2067
2068
2069
2069
2070
2072
2073
2075
2076
2078
2079
2079
2081
2081
2082
2082
2083
2085
2086
2089
2090
2091
2092
2094
2094
2095
2096
2097
2098
2098
2099
2099
2100
2100
2100
2101
2101
2103
2103
2103
2104
2106
2107
2108
2109
2109
2110
2111
2111
2111
2111
2113
2114
2115
2116
2117
2119
2120
2121
2121
2121
2121
2122
2122
2122
2123
2123
2123
2126
2127
2127
2127
2128
2130
2130
2132
2133
2133
2136
2136
2137
2141
2142
2142
2143
2143
2143
2145
2146
2149
2150
2150
2151
2151
2153
2153
2154
2154
2154
2156
2159
2159
2160
2164
2169
2170
2170
2170
2171
2171
2172
2173
2174
2175
2175
2177
2179
2180
2180
2180
2181
2181
2183
2183
2184
2185
2185
2187
2187
2188
2189
2190
2192
2193
2194
2199
2200
2200
2200
2200
2201
2202
2202
2202
2202
2203
2203
2204
2205
2205
2205
2207
2208
2208
2209
2211
2212
2213
2213
2214
2216
2217
2218
2219
2220
2220
2221
2222
2223
2225
2228
2228
2229
2230
2231
2231
2232
2232
2233
2233
2233
2238
2238
2238
2238
2242
2243
2244
2245
2246
2246
2247
2249
2250
2252
2253
2255
2256
2256
2256
2256
2256
2257
2259
2259
2262
2262
2263
2263
2264
2264
2266
2267
2269
2269
2269
2269
2271
2273
2274
2274
2274
2276
2277
2277
2278
2279
2279
2280
2285
2287
2288
2291
2292
2292
2293
2293
2294
2294
2294
2294
2296
2296
2296
2298
2300
2301
2302
2302
2303
2303
2303
2303
2304
2305
2305
2307
2307
2308
2311
2312
2313
2315
2315
2316
2317
2318
2319
2321
2323
2328
2331
2333
2334
2335
2336
2336
2337
2338
2340
2342
2342
2343
2344
2345
2346
2346
2346
2346
2347
2350
2351
2352
2352
2352
2353
2354
2355
2356
2356
2357
2358
2359
2359
2359
2362
2362
2364
2364
2365
2366
2366
2367
2367
2369
2370
2371
2371
2371
2371
2373
2375
2375
2376
2377
2378
2378
2378
2380
2380
2386
2387
2387
2388
2389
2392
2392
2393
2394
2394
2395
2397
2399
2402
2403
2403
2404
2406
2406
2406
2407
2407
2408
2408
2409
2410
2411
2411
2411
2412
2412
2414
2416
2419
2420
2421
2422
2423
2425
2426
2427
2428
2429
2431
2434
2435
2436
2437
2444
2445
2446
2447
2447
2447
2448
2451
2452
2452
2454
2454
2454
2455
2457
2460
2462
2462
2462
2463
2466
2466
2470
2472
2473
2473
2473
2476
2477
2479
2481
2484
2485
2485
2486
2488
2488
2489
2489
2490
2490
2491
2492
2492
2494
2494
2494
2495
2495
2495
2496
2496
2499
2501
2501
2503
2507
2508
2508
2509
2509
2511
2512
2514
2514
2517
2519
2520
2521
2522
2524
2525
2528
2530
2533
2535
2535
2537
2538
2540
2541
2541
2541
2542
2542
2543
2543
2544
2545
2545
2546
2546
2547
2548
2548
2551
2552
2554
2557
2558
2559
2560
2560
2570
2570
2570
2570
2571
2572
2572
2572
2575
2575
2577
2577
2579
2579
2580
2582
2583
2584
2584
2586
2586
2586
2586
2589
2589
2591
2591
2592
2592
2593
2593
2596
2598
2598
2598
2598
2599
2599
2599
2600
2602
2603
2604
2605
2605
2605
2608
2609
2614
2615
2618
2619
2620
2620
2622
2627
2628
2630
2631
2631
2635
2636
2639
2640
2642
2643
2644
2647
2648
2648
2649
2649
2650
2655
2655
2655
2655
2656
2658
2659
2660
2664
2664
2664
2665
2665
2666
2667
2669
2670
2671
2672
2673
2675
2675
2675
2676
2677
2678
2680
2681
2681
2681
2681
2681
2685
2685
2685
2687
2688
2689
2690
2690
2691
2692
2692
2693
2694
2695
2696
2697
2697
2698
2698
2699
2700
2701
2701
2704
2704
2705
2705
2705
2706
2707
2708
2710
2713
2713
2713
2714
2715
2718
2719
2722
2722
2724
2726
2727
2727
2728
2728
2729
2729
2730
2730
2733
2734
2736
2737
2738
2740
2740
2742
2744
2748
2748
2749
2749
2752
2753
2753
2755
2755
2756
2757
2757
2758
2759
2759
2760
2760
2762
2763
2764
2765
2766
2766
2767
2768
2769
2769
2769
2773
2776
2776
2776
2776
2778
2778
2780
2782
2782
2782
2782
2783
2783
2784
2784
2786
2786
2787
2787
2788
2789
2791
2792
2794
2794
2795
2796
2798
2799
2800
2800
2801
2801
2801
2804
2804
2806
2807
2807
2808
2809
2809
2811
2811
2812
2812
2812
2815
2816
2816
2817
2817
2818
2820
2820
2823
2825
2825
2828
2828
2830
2831
2832
2832
2832
2833
2833
2834
2834
2834
2836
2837
2837
2837
2841
2842
2842
2842
2843
2844
2844
2846
2847
2848
2849
2849
2849
2850
2851
2851
2851
2852
2852
2855
2856
2859
2859
2861
2861
2861
2864
2865
2867
2867
2868
2868
2868
2868
2869
2869
2869
2870
2871
2871
2872
2873
2875
2875
2876
2878
2878
2879
2879
2881
2883
2883
2888
2889
2889
2890
2893
2893
2894
2896
2897
2898
2899
2900
2901
2901
2901
2902
2902
2903
2903
2907
2907
2907
2909
2910
2912
2912
2912
2913
2915
2915
2916
2916
2916
2917
2919
2919
2922
2923
2925
2925
2926
2926
2928
2928
2928
2930
2930
2930
2933
2933
2934
2935
2938
2938
2939
2940
2941
2941
2941
2942
2943
2944
2945
2945
2946
2947
2949
2949
2949
2950
2950
2952
2953
2954
2957
2958
2958
2958
2962
2963
2963
2965
2965
2965
2966
2966
2967
2968
2968
2968
2969
2970
2970
2971
2971
2971
2974
2974
2974
2976
2978
2978
2979
2982
2988
2988
2989
2989
2989
2989
2989
2991
2991
2993
2994
2995
2995
2996
2996
2998
2999
3001
3002
3002
3004
3004
3004
3006
3006
3006
3007
3009
3010
3010
3012
3013
3013
3014
3016
3018
3019
3020
3021
3025
3026
3028
3030
3032
3034
3034
3035
3036
3039
3039
3039
3041
3041
3043
3044
3045
3046
3047
3048
3050
3051
3052
3054
3054
3055
3055
3055
3056
3059
3060
3062
3063
3063
3063
3064
3065
3066
3066
3066
3067
3068
3068
3068
3068
3069
3069
3070
3070
3070
3073
3074
3075
3075
3077
3078
3079
3080
3080
3081
3081
3081
3082
3083
3084
3086
3088
3088
3090
3091
3091
3091
3093
3094
3094
3094
3096
3097
3100
3100
3102
3102
3104
3104
3106
3106
3106
3108
3108
3109
3109
3110
3110
3111
3111
3113
3114
3114
3115
3115
3117
3117
3119
3119
3121
3123
3123
3123
3123
3125
3127
3128
3129
3129
3129
3130
3131
3131
3132
3133
3134
3137
3137
3137
3138
3140
3143
3143
3144
3145
3147
3147
3149
3149
3150
3151
3153
3153
3153
3154
3156
3156
3156
3157
3157
3159
3159
3164
3166
3166
3167
3167
3168
3169
3172
3173
3173
3177
3178
3182
3182
3183
3184
3186
3189
3189
3191
3191
3192
3192
3192
3194
3195
3195
3195
3195
3196
3198
3199
3200
3200
3201
3203
3204
3206
3206
3207
3208
3208
3213
3214
3215
3215
3216
3218
3219
3221
3222
3223
3223
3224
3224
3225
3225
3226
3226
3226
3229
3232
3232
3233
3233
3239
3242
3242
3243
3244
3245
3245
3245
3248
3249
3251
3255
3258
3260
3262
3262
3265
3268
3268
3269
3269
3269
3273
3273
3276
3278
3278
3280
3280
3281
3282
3283
3283
3283
3285
3285
3286
3288
3288
3289
3289
3290
3290
3292
3292
3292
3293
3295
3295
3296
3296
3296
3297
3299
3299
3299
3300
3302
3303
3304
3304
3306
3306
3306
3308
3309
3311
3313
3316
3316
3317
3318
3318
3318
3318
3320
3321
3324
3325
3326
3328
3329
3329
3330
3332
3335
3335
3340
3341
3342
3342
3342
3343
3344
3344
3344
3345
3347
3347
3353
3354
3354
3354
3355
3356
3359
3359
3361
3361
3362
3363
3363
3363
3364
3365
3366
3366
3366
3367
3369
3370
3371
3372
3373
3375
3375
3378
3378
3379
3379
3380
3381
3382
3382
3383
3383
3384
3385
3388
3388
3389
3389
3391
3391
3392
3393
3394
3395
3396
3396
3396
3398
3398
3403
3405
3406
3407
3407
3412
3413
3413
3414
3414
3415
3415
3417
3419
3420
3422
3422
3423
3424
3425
3426
3426
3426
3427
3429
3430
3430
3430
3431
3431
3432
3433
3433
3436
3436
3437
3438
3439
3440
3440
3441
3441
3444
3445
3445
3446
3446
3447
3448
3448
3450
3452
3453
3453
3457
3459
3460
3460
3461
3463
3465
3465
3466
3466
3468
3469
3470
3471
3472
3473
3474
3475
3476
3477
3477
3479
3480
3480
3483
3484
3486
3487
3487
3487
3488
3493
3494
3501
3501
3501
3502
3502
3503
3505
3506
3506
3507
3507
3509
3510
3510
3511
3511
3513
3513
3514
3514
3516
3519
3519
3520
3521
3522
3524
3525
3526
3527
3532
3533
3534
3535
3536
3537
3537
3540
3541
3543
3543
3544
3545
3545
3546
3548
3549
3549
3549
3550
3550
3550
3551
3552
3553
3553
3553
3556
3556
3556
3557
3559
3560
3560
3560
3561
3564
3565
3566
3566
3568
3570
3570
3571
3572
3572
3572
3574
3574
3575
3576
3576
3576
3577
3577
3581
3582
3583
3584
3586
3586
3589
3590
3590
3591
3591
3593
3593
3594
3595
3596
3598
3598
3600
3600
3600
3601
3602
3603
3604
3604
3604
3605
3605
3606
3607
3607
3609
3610
3610
3612
3612
3613
3616
3618
3618
3619
3621
3621
3623
3625
3626
3627
3628
3628
3629
3630
3630
3631
3631
3632
3632
3633
3635
3635
3637
3637
3639
3639
3641
3641
3641
3641
3641
3642
3644
3644
3645
3645
3646
3646
3647
3648
3648
3650
3654
3654
3655
3656
3657
3659
3660
3660
3660
3660
3661
3663
3664
3664
3666
3667
3668
3669
3670
3670
3670
3670
3670
3671
3675
3676
3677
3678
3678
3680
3682
3682
3682
3685
3685
3686
3687
3688
3690
3691
3692
3694
3694
3695
3696
3697
3697
3699
3700
3701
3702
3702
3703
3703
3704
3705
3706
3706
3706
3706
3708
3708
3709
3710
3713
3713
3714
3719
3719
3721
3725
3726
3726
3727
3729
3729
3729
3731
3732
3732
3733
3734
3741
3742
3744
3744
3746
3749
3753
3753
3754
3754
3755
3755
3756
3757
3757
3760
3761
3761
3761
3763
3764
3767
3769
3770
3772
3773
3775
3775
3776
3779
3780
3780
3781
3783
3784
3786
3787
3789
3791
3791
3791
3793
3793
3794
3795
3796
3799
3801
3805
3806
3808
3809
3809
3810
3811
3811
3812
3812
3816
3817
3817
3818
3818
3820
3821
3824
3824
3825
3826
3826
3827
3827
3828
3830
3831
3833
3836
3836
3838
3838
3839
3839
3839
3846
3846
3848
3848
3848
3851
3851
3851
3852
3852
3853
3853
3854
3855
3855
3855
3855
3856
3856
3856
3857
3858
3858
3859
3860
3862
3862
3863
3864
3866
3868
3868
3869
3869
3870
3873
3873
3874
3874
3875
3878
3878
3878
3882
3882
3883
3884
3886
3887
3888
3889
3894
3894
3894
3894
3895
3896
3896
3896
3896
3897
3900
3902
3902
3905
3906
3907
3907
3907
3908
3909
3912
3913
3914
3914
3915
3916
3916
3917
3919
3920
3921
3921
3922
3923
3923
3926
3926
3926
3927
3928
3929
3930
3930
3930
3932
3934
3936
3939
3940
3940
3942
3943
3945
3945
3945
3946
3949
3952
3953
3953
3954
3955
3957
3957
3958
3960
3961
3964
3964
3965
3967
3970
3971
3971
3974
3974
3975
3976
3977
3979
3979
3980
3982
3984
3984
3984
3986
3986
3988
3988
3988
3989
3989
3989
3995
3997
3999
4000
4002
4003
4003
4005
4005
4005
4008
4008
4009
4009
4013
4013
4014
4015
4016
4018
4018
4019
4022
4022
4023
4023
4025
4025
4026
4026
4026
4027
4027
4027
4028
4028
4028
4029
4029
4029
4032
4034
4035
4036
4039
4039
4040
4041
4042
4043
4043
4045
4047
4048
4049
4053
4054
4055
4055
4056
4057
4058
4058
4060
4060
4062
4062
4062
4063
4064
4065
4066
4066
4066
4067
4067
4069
4071
4072
4073
4075
4077
4080
4081
4082
4084
4084
4084
4085
4086
4086
4087
4087
4087
4088
4088
4088
4089
4089
4093
4093
4094
4094
4095
4096
4098
4100
4101
4102
4103
4103
4104
4104
4104
4105
4105
4106
4107
4108
4110
4110
4111
4112
4114
4115
4115
4116
4118
4119
4120
4120
4120
4125
4126
4129
4131
4131
4136
4136
4136
4138
4139
4140
4141
4142
4142
4144
4144
4144
4145
4147
4148
4148
4149
4150
4150
4152
4152
4153
4153
4154
4154
4156
4156
4157
4159
4159
4162
4163
4164
4165
4165
4168
4169
4169
4172
4173
4173
4175
4176
4177
4177
4178
4179
4179
4182
4183
4186
4186
4187
4189
4189
4191
4191
4192
4193
4194
4195
4195
4196
4196
4197
4198
4198
4198
4199
4202
4202
4203
4204
4205
4205
4206
4206
4206
4210
4210
4211
4212
4214
4214
4214
4215
4216
4219
4220
4223
4223
4231
4231
4232
4232
4233
4233
4234
4235
4236
4237
4239
4240
4240
4241
4244
4245
4246
4246
4247
4247
4249
4250
4252
4254
4254
4255
4256
4256
4257
4258
4259
4261
4262
4262
4262
4263
4264
4265
4266
4267
4270
4270
4271
4273
4273
4273
4274
4274
4274
4274
4276
4277
4278
4278
4279
4279
4280
4280
4281
4282
4283
4284
4285
4285
4287
4287
4287
4288
4288
4289
4290
4290
4292
4295
4297
4300
4301
4301
4302
4302
4305
4305
4308
4311
4313
4314
4315
4316
4317
4317
4319
4320
4320
4321
4321
4323
4323
4323
4324
4325
4327
4328
4329
4329
4329
4329
4330
4330
4330
4331
4332
4332
4334
4335
4335
4337
4337
4338
4340
4341
4341
4341
4342
4342
4346
4346
4346
4346
4347
4350
4351
4351
4351
4352
4354
4354
4354
4355
4357
4358
4358
4359
4362
4362
4363
4364
4364
4367
4369
4369
4370
4370
4371
4372
4374
4375
4376
4376
4377
4377
4379
4379
4379
4381
4381
4381
4383
4383
4385
4385
4386
4387
4388
4388
4389
4390
4393
4394
4395
4395
4395
4395
4399
4399
4400
4400
4400
4400
4401
4402
4405
4407
4409
4411
4411
4412
4412
4413
4416
4416
4418
4418
4418
4420
4420
4422
4423
4424
4425
4426
4428
4428
4429
4429
4431
4432
4433
4433
4434
4434
4434
4437
4438
4438
4438
4439
4440
4441
4441
4442
4442
4447
4447
4447
4448
4448
4449
4449
4451
4451
4452
4454
4454
4454
4457
4461
4462
4464
4465
4465
4466
4467
4468
4468
4469
4469
4470
4472
4474
4474
4474
4476
4477
4478
4478
4478
4480
4481
4482
4482
4484
4485
4488
4489
4491
4492
4494
4495
4497
4498
4500
4502
4503
4503
4504
4506
4509
4509
4509
4512
4514
4515
4515
4515
4516
4517
4517
4518
4518
4518
4520
4521
4521
4522
4523
4524
4525
4526
4526
4527
4527
4528
4530
4531
4533
4533
4537
4538
4538
4539
4540
4541
4542
4544
4544
4545
4546
4546
4546
4549
4549
4549
4550
4551
4551
4552
4552
4552
4553
4555
4556
4557
4559
4560
4561
4562
4562
4563
4563
4564
4564
4565
4567
4567
4567
4569
4569
4569
4572
4573
4577
4580
4580
4582
4583
4585
4585
4586
4588
4588
4590
4590
4591
4592
4593
4594
4595
4597
4598
4598
4599
4601
4602
4603
4605
4605
4606
4606
4606
4606
4607
4607
4608
4608
4609
4610
4615
4617
4618
4618
4619
4621
4622
4623
4623
4627
4627
4628
4629
4629
4629
4630
4631
4631
4632
4635
4636
4638
4638
4639
4640
4642
4643
4643
4645
4645
4646
4647
4648
4648
4650
4650
4650
4650
4650
4651
4651
4652
4652
4655
4655
4655
4656
4658
4663
4663
4664
4664
4664
4664
4665
4666
4667
4667
4668
4669
4671
4672
4673
4675
4675
4675
4675
4675
4676
4676
4677
4677
4677
4678
4678
4679
4681
4682
4682
4683
4684
4687
4687
4688
4688
4689
4689
4689
4691
4692
4692
4693
4694
4695
4695
4696
4697
4700
4700
4702
4703
4703
4703
4704
4705
4706
4707
4707
4707
4709
4710
4711
4712
4713
4713
4716
4716
4717
4717
4717
4720
4722
4722
4723
4724
4725
4725
4727
4728
4730
4731
4731
4732
4733
4736
4737
4737
4737
4737
4740
4741
4744
4745
4746
4750
4750
4750
4752
4752
4752
4753
4753
4754
4758
4758
4759
4759
4759
4759
4761
4762
4762
4764
4766
4768
4768
4771
4771
4772
4773
4773
4774
4775
4777
4777
4779
4781
4782
4783
4784
4785
4786
4788
4788
4789
4789
4790
4791
4792
4792
4792
4793
4795
4795
4797
4800
4801
4804
4804
4805
4807
4810
4813
4813
4815
4815
4815
4816
4818
4818
4818
4819
4819
4821
4822
4822
4824
4828
4828
4829
4829
4830
4831
4831
4832
4834
4834
4834
4836
4836
4836
4837
4838
4838
4840
4842
4843
4843
4844
4844
4846
4846
4846
4847
4848
4848
4848
4849
4850
4851
4852
4855
4855
4855
4856
4856
4856
4856
4857
4857
4857
4858
4858
4862
4862
4864
4864
4866
4866
4866
4867
4868
4869
4869
4869
4870
4872
4873
4873
4874
4875
4876
4879
4879
4882
4885
4885
4885
4885
4886
4888
4889
4890
4891
4893
4893
4894
4895
4896
4896
4899
4901
4906
4907
4907
4910
4911
4912
4914
4914
4915
4919
4919
4920
4920
4921
4922
4926
4926
4927
4927
4929
4932
4932
4933
4933
4933
4934
4935
4937
4937
4938
4938
4938
4938
4938
4939
4939
4940
4944
4944
4945
4945
4945
4947
4949
4950
4950
4951
4952
4953
4955
4955
4956
4957
4957
4958
4961
4964
4965
4966
4966
4966
4967
4968
4968
4969
4969
4970
4971
4971
4972
4973
4974
4975
4978
4978
4980
4980
4980
4980
4981
4982
4982
4983
4985
4985
4985
4987
4989
4991
4992
4993
4995
4996
5000
5001
5002
5005
5005
5005
5007
5009
5010
5010
5010
5012
5014
5015
5016
5016
5017
5018
5022
5023
5024
5024
5025
5026
5029
5032
5032
5033
5035
5036
5036
5036
5037
5039
5040
5041
5042
5042
5043
5043
5043
5045
5045
5046
5047
5047
5047
5047
5048
5049
5050
5051
5051
5054
5056
5056
5058
5059
5059
5060
5061
5061
5062
5063
5063
5063
5063
5065
5065
5068
5068
5069
5069
5070
5072
5075
5075
5075
5076
5077
5078
5079
5080
5081
5082
5084
5084
5086
5086
5087
5089
5090
5091
5091
5091
5092
5092
5093
5095
5095
5095
5095
5098
5099
5100
5101
5107
5108
5108
5109
5109
5110
5110
5111
5112
5113
5113
5113
5113
5115
5115
5115
5118
5121
5122
5122
5122
5122
5123
5124
5124
5125
5125
5128
5128
5128
5129
5129
5129
5132
5133
5133
5134
5134
5135
5135
5136
5137
5139
5140
5144
5145
5149
5150
5151
5151
5151
5152
5152
5153
5153
5154
5156
5156
5157
5157
5158
5159
5161
5161
5162
5162
5163
5164
5164
5164
5164
5165
5166
5168
5169
5171
5173
5174
5175
5175
5175
5179
5179
5180
5181
5182
5182
5185
5185
5186
5187
5187
5189
5192
5193
5194
5194
5195
5195
5197
5199
5199
5200
5202
5202
5203
5205
5206
5210
5213
5213
5213
5214
5217
5218
5218
5218
5219
5219
5219
5219
5221
5223
5224
5227
5227
5231
5232
5233
5233
5233
5234
5234
5236
5237
5240
5241
5241
5241
5242
5243
5243
5245
5245
5246
5246
5246
5247
5250
5250
5251
5251
5254
5254
5258
5258
5259
5260
5260
5261
5261
5261
5262
5263
5264
5266
5268
5270
5270
5272
5273
5274
5274
5276
5277
5279
5280
5281
5284
5284
5284
5286
5286
5287
5287
5288
5288
5289
5290
5290
5290
5293
5295
5296
5298
5301
5307
5308
5310
5310
5311
5312
5313
5314
5314
5316
5317
5319
5321
5321
5322
5322
5323
5323
5325
5328
5328
5328
5329
5330
5331
5332
5333
5334
5335
5335
5336
5337
5338
5338
5339
5340
5341
5341
5341
5343
5344
5345
5348
5350
5352
5353
5354
5356
5357
5358
5359
5363
5363
5365
5366
5367
5368
5369
5371
5373
5373
5374
5375
5376
5379
5381
5383
5383
5386
5387
5387
5388
5389
5390
5392
5392
5393
5393
5395
5399
5401
5402
5403
5404
5406
5406
5407
5410
5412
5413
5413
5415
5416
5417
5420
5421
5421
5423
5424
5425
5425
5427
5427
5427
5427
5428
5430
5433
5433
5433
5434
5435
5435
5436
5441
5446
5447
5448
5450
5455
5456
5457
5458
5458
5459
5461
5462
5462
5462
5463
5463
5464
5464
5464
5465
5468
5471
5471
5473
5473
5474
5474
5474
5475
5475
5475
5479
5479
5481
5481
5483
5485
5485
5486
5487
5488
5488
5489
5489
5490
5490
5491
5491
5491
5491
5491
5493
5493
5494
5494
5494
5495
5496
5497
5498
5498
5498
5498
5499
5500
5500
5502
5504
5505
5506
5507
5507
5508
5509
5509
5509
5511
5511
5512
5513
5513
5513
5514
5514
5514
5517
5517
5518
5519
5520
5520
5522
5523
5524
5525
5526
5527
5529
5529
5529
5530
5533
5533
5534
5535
5535
5535
5536
5537
5537
5538
5539
5540
5542
5542
5542
5543
5544
5545
5545
5546
5546
5546
5547
5547
5549
5549
5549
5550
5551
5552
5553
5553
5554
5556
5558
5558
5558
5560
5562
5562
5562
5569
5571
5572
5574
5575
5576
5576
5578
5580
5580
5583
5583
5583
5588
5588
5588
5588
5591
5591
5592
5593
5594
5594
5594
5596
5600
5600
5600
5600
5601
5603
5604
5606
5607
5609
5610
5610
5611
5612
5612
5612
5613
5613
5614
5614
5615
5616
5617
5618
5618
5619
5628
5628
5628
5630
5631
5631
5631
5632
5634
5636
5636
5637
5641
5641
5644
5644
5645
5646
5646
5648
5651
5652
5653
5654
5654
5654
5655
5656
5658
5658
5658
5659
5659
5659
5659
5660
5660
5664
5664
5665
5666
5668
5668
5669
5670
5670
5670
5672
5673
5675
5675
5676
5677
5678
5678
5679
5681
5682
5682
5684
5684
5684
5685
5686
5688
5688
5689
5690
5690
5690
5690
5691
5692
5692
5693
5693
5693
5693
5693
5694
5695
5697
5698
5699
5701
5701
5702
5702
5703
5703
5704
5704
5707
5707
5709
5710
5710
5711
5711
5712
5713
5713
5715
5715
5716
5718
5718
5718
5719
5719
5719
5720
5721
5721
5722
5722
5722
5724
5725
5725
5729
5731
5735
5735
5735
5735
5738
5739
5744
5744
5744
5745
5746
5748
5748
5749
5750
5750
5752
5754
5754
5756
5757
5758
5759
5759
5761
5762
5766
5766
5766
5766
5767
5768
5772
5773
5774
5776
5778
5779
5780
5780
5781
5783
5783
5784
5786
5788
5789
5790
5794
5794
5795
5795
5796
5796
5796
5797
5797
5799
5799
5800
5802
5803
5803
5805
5805
5805
5806
5807
5807
5808
5809
5811
5811
5814
5814
5815
5815
5815
5816
5817
5818
5818
5819
5820
5820
5820
5824
5825
5826
5827
5827
5829
5829
5830
5832
5832
5836
5837
5837
5837
5838
5839
5839
5840
5841
5842
5843
5845
5847
5848
5851
5851
5852
5855
5855
5855
5856
5857
5857
5858
5859
5861
5862
5864
5864
5865
5865
5867
5867
5868
5870
5871
5871
5871
5872
5872
5873
5873
5874
5876
5877
5878
5878
5879
5881
5881
5881
5882
5882
5884
5885
5886
5887
5888
5890
5890
5890
5891
5891
5891
5893
5894
5895
5895
5895
5896
5896
5897
5897
5899
5901
5901
5908
5909
5909
5909
5910
5911
5913
5914
5915
5915
5915
5915
5916
5916
5919
5919
5920
5920
5921
5921
5923
5923
5924
5924
5925
5925
5926
5926
5927
5929
5930
5934
5935
5936
5936
5937
5939
5939
5940
5941
5941
5942
5943
5945
5946
5946
5947
5948
5948
5948
5949
5950
5954
5955
5956
5957
5959
5959
5961
5961
5963
5964
5964
5964
5965
5965
5966
5967
5968
5969
5970
5971
5971
5972
5972
5972
5972
5973
5974
5974
5975
5976
5979
5980
5980
5980
5980
5981
5981
5983
5983
5984
5985
5986
5986
5987
5987
5988
5988
5989
5990
5990
5992
5993
5994
5994
5995
5995
5999
6001
6002
6003
6003
6004
6004
6005
6006
6006
6007
6007
6008
6009
6010
6010
6014
6014
6015
6015
6015
6017
6019
6019
6020
6020
6021
6023
6023
6023
6025
6026
6027
6029
6030
6031
6032
6033
6034
6034
6034
6034
6035
6035
6037
6037
6038
6038
6039
6039
6040
6040
6041
6043
6043
6044
6044
6046
6049
6050
6051
6051
6052
6053
6055
6058
6058
6059
6059
6062
6065
6065
6065
6066
6067
6068
6069
6070
6070
6071
6072
6074
6076
6076
6080
6081
6081
6085
6086
6087
6089
6089
6090
6091
6092
6092
6094
6095
6097
6097
6098
6098
6100
6100
6101
6102
6104
6104
6107
6110
6112
6114
6114
6114
6114
6114
6114
6114
6115
6115
6116
6117
6117
6119
6120
6120
6121
6122
6123
6123
6123
6125
6125
6126
6127
6127
6128
6128
6128
6128
6129
6130
6130
6130
6131
6132
6132
6138
6139
6140
6140
6142
6142
6143
6143
6143
6144
6145
6146
6146
6146
6147
6148
6151
6153
6153
6155
6156
6156
6157
6158
6158
6158
6159
6160
6160
6161
6162
6163
6167
6169
6171
6173
6173
6173
6176
6176
6177
6177
6178
6180
6180
6182
6182
6182
6184
6186
6187
6190
6191
6191
6196
6196
6199
6200
6200
6201
6201
6202
6202
6203
6203
6204
6204
6205
6206
6208
6209
6210
6210
6215
6215
6215
6216
6217
6217
6218
6221
6222
6222
6225
6226
6230
6230
6230
6232
6232
6232
6234
6235
6237
6238
6239
6239
6243
6244
6246
6246
6247
6248
6248
6250
6251
6251
6252
6253
6253
6253
6254
6254
6255
6255
6256
6257
6259
6262
6263
6263
6263
6263
6265
6265
6266
6266
6267
6267
6267
6271
6272
6274
6275
6275
6275
6275
6277
6278
6280
6280
6284
6284
6285
6286
6288
6289
6290
6291
6292
6292
6292
6293
6293
6294
6295
6295
6296
6300
6301
6301
6302
6304
6305
6306
6306
6306
6306
6307
6308
6308
6308
6308
6310
6310
6310
6310
6311
6311
6312
6316
6317
6317
6319
6319
6320
6321
6321
6322
6324
6325
6325
6325
6326
6326
6328
6328
6329
6330
6332
6332
6334
6334
6334
6334
6336
6337
6338
6339
6340
6341
6343
6344
6344
6347
6348
6351
6352
6352
6354
6356
6358
6359
6359
6361
6362
6362
6364
6365
6367
6368
6368
6368
6369
6369
6370
6370
6371
6371
6373
6373
6374
6375
6376
6377
6377
6381
6382
6382
6383
6384
6385
6386
6386
6386
6387
6389
6389
6390
6390
6390
6393
6397
6397
6397
6401
6405
6405
6407
6409
6411
6411
6412
6412
6413
6417
6418
6420
6421
6422
6423
6424
6430
6434
6435
6436
6436
6436
6437
6438
6439
6440
6441
6442
6442
6445
6445
6448
6449
6449
6449
6451
6452
6456
6457
6458
6458
6459
6459
6459
6459
6459
6460
6461
6461
6461
6464
6464
6465
6465
6466
6466
6467
6467
6467
6467
6468
6469
6469
6470
6470
6471
6472
6472
6473
6473
6473
6474
6474
6474
6475
6476
6479
6480
6481
6481
6481
6483
6483
6483
6484
6485
6485
6489
6490
6491
6491
6493
6493
6493
6495
6495
6496
6499
6501
6502
6502
6502
6504
6504
6505
6505
6508
6512
6516
6516
6518
6522
6522
6522
6523
6523
6525
6525
6525
6525
6526
6527
6528
6528
6530
6531
6531
6531
6532
6533
6533
6534
6536
6536
6536
6540
6541
6542
6542
6543
6543
6545
6547
6548
6552
6553
6553
6555
6555
6557
6557
6558
6558
6558
6559
6560
6561
6562
6563
6566
6567
6567
6570
6571
6571
6572
6574
6574
6574
6574
6574
6574
6574
6574
6574
6576
6577
6577
6578
6579
6579
6581
6581
6582
6583
6584
6584
6585
6586
6586
6588
6589
6590
6590
6591
6591
6592
6593
6594
6594
6595
6597
6597
6598
6599
6599
6601
6602
6602
6602
6602
6603
6604
6605
6613
6617
6617
6618
6619
6619
6621
6621
6623
6624
6624
6625
6628
6628
6630
6632
6634
6634
6634
6635
6635
6636
6636
6638
6638
6641
6642
6643
6644
6644
6647
6648
6649
6649
6650
6650
6651
6651
6651
6655
6656
6657
6657
6658
6658
6659
6659
6661
6661
6662
6664
6665
6665
6666
6667
6667
6669
6673
6673
6674
6675
6675
6676
6677
6678
6678
6678
6680
6680
6681
6682
6683
6683
6684
6684
6688
6689
6690
6690
6691
6691
6691
6695
6696
6697
6697
6698
6699
6701
6702
6704
6705
6706
6706
6706
6708
6710
6711
6712
6712
6717
6717
6719
6721
6722
6725
6726
6727
6727
6728
6729
6729
6729
6730
6730
6730
6730
6731
6732
6735
6736
6736
6738
6738
6738
6740
6743
6743
6744
6744
6744
6744
6745
6746
6747
6748
6749
6750
6751
6752
6752
6752
6754
6754
6757
6758
6760
6763
6763
6764
6766
6766
6768
6769
6770
6770
6772
6772
6773
6773
6775
6776
6777
6777
6778
6779
6779
6780
6781
6783
6784
6784
6786
6786
6787
6788
6788
6789
6791
6791
6791
6792
6793
6794
6797
6798
6799
6803
6804
6804
6804
6805
6805
6808
6810
6811
6813
6814
6815
6815
6816
6817
6817
6817
6817
6818
6820
6822
6824
6826
6826
6830
6831
6831
6832
6832
6834
6835
6835
6836
6837
6839
6839
6839
6840
6842
6844
6846
6846
6847
6848
6853
6853
6853
6853
6855
6859
6859
6860
6860
6863
6864
6865
6865
6866
6867
6869
6873
6877
6877
6877
6877
6877
6878
6878
6879
6879
6880
6880
6881
6881
6881
6882
6884
6886
6886
6887
6888
6889
6889
6892
6893
6894
6894
6894
6894
6895
6896
6897
6898
6898
6899
6900
6900
6900
6902
6902
6902
6903
6905
6907
6909
6910
6910
6911
6911
6911
6913
6913
6914
6916
6917
6922
6923
6923
6924
6925
6925
6926
6926
6926
6927
6929
6930
6931
6932
6932
6932
6932
6933
6933
6933
6935
6937
6937
6937
6937
6939
6939
6941
6943
6944
6944
6946
6948
6948
6950
6954
6955
6955
6956
6956
6957
6957
6957
6959
6960
6961
6962
6962
6962
6965
6965
6966
6966
6966
6968
6968
6968
6970
6973
6973
6974
6975
6976
6977
6977
6979
6980
6981
6981
6982
6983
6985
6986
6986
6986
6986
6986
6987
6988
6991
6992
6993
6994
6995
6996
6997
6997
7002
7002
7004
7004
7005
7006
7007
7009
7010
7011
7013
7013
7014
7014
7016
7017
7017
7017
7019
7020
7022
7022
7022
7022
7024
7024
7026
7026
7027
7028
7030
7030
7031
7034
7034
7036
7037
7039
7039
7039
7041
7042
7044
7047
7047
7047
7048
7049
7049
7050
7052
7055
7055
7055
7057
7057
7057
7058
7059
7059
7060
7061
7062
7063
7064
7067
7068
7068
7070
7070
7071
7071
7073
7073
7074
7076
7077
7078
7078
7079
7082
7084
7084
7087
7087
7087
7090
7090
7091
7092
7092
7094
7094
7095
7095
7096
7098
7098
7099
7100
7104
7106
7107
7108
7108
7108
7109
7112
7112
7112
7112
7112
7116
7116
7117
7118
7119
7119
7120
7120
7121
7121
7122
7122
7122
7124
7125
7125
7126
7128
7131
7131
7134
7135
7135
7136
7137
7137
7139
7139
7139
7141
7141
7141
7141
7141
7143
7147
7148
7149
7150
7150
7154
7156
7156
7156
7157
7159
7161
7163
7163
7164
7166
7168
7169
7170
7170
7171
7171
7172
7172
7173
7174
7177
7177
7179
7181
7182
7183
7187
7193
7194
7195
7196
7196
7197
7199
7199
7199
7200
7200
7201
7202
7203
7204
7204
7204
7205
7205
7207
7209
7210
7210
7211
7212
7213
7214
7214
7215
7215
7216
7216
7216
7220
7222
7225
7226
7227
7228
7228
7232
7234
7234
7235
7236
7237
7239
7241
7242
7248
7249
7249
7251
7252
7256
7257
7257
7258
7259
7260
7260
7261
7262
7263
7266
7266
7267
7268
7268
7270
7272
7273
7275
7277
7280
7280
7280
7281
7282
7284
7284
7286
7287
7288
7289
7290
7290
7290
7290
7290
7291
7292
7292
7292
7294
7294
7296
7297
7299
7300
7300
7301
7301
7302
7303
7303
7304
7306
7306
7307
7308
7309
7311
7313
7313
7314
7314
7315
7316
7320
7321
7321
7321
7323
7329
7330
7331
7333
7334
7335
7337
7338
7339
7339
7340
7340
7342
7345
7345
7347
7347
7348
7349
7349
7349
7350
7351
7351
7351
7352
7352
7355
7356
7360
7361
7362
7362
7365
7365
7367
7367
7367
7368
7368
7370
7372
7373
7374
7376
7376
7376
7379
7379
7381
7382
7382
7385
7385
7385
7386
7387
7387
7389
7392
7396
7396
7397
7398
7399
7400
7401
7402
7406
7406
7408
7408
7408
7408
7408
7411
7413
7413
7413
7414
7415
7415
7416
7416
7417
7418
7420
7421
7422
7424
7424
7424
7426
7429
7429
7431
7432
7432
7433
7433
7434
7434
7434
7434
7435
7436
7437
7438
7438
7439
7441
7443
7443
7444
7444
7445
7449
7450
7451
7451
7453
7453
7454
7455
7456
7458
7459
7461
7462
7462
7464
7464
7468
7469
7469
7472
7473
7473
7475
7475
7476
7476
7478
7479
7479
7481
7482
7482
7483
7483
7486
7486
7486
7487
7488
7489
7491
7491
7493
7493
7493
7493
7493
7494
7496
7496
7497
7498
7500
7500
7502
7503
7504
7504
7506
7506
7512
7512
7512
7513
7514
7515
7515
7516
7516
7518
7519
7520
7520
7522
7522
7523
7526
7526
7526
7527
7528
7528
7530
7532
7532
7532
7534
7535
7535
7535
7535
7537
7537
7542
7544
7545
7545
7545
7546
7546
7546
7547
7548
7550
7551
7551
7552
7552
7553
7554
7554
7555
7555
7555
7556
7557
7557
7559
7561
7561
7563
7563
7566
7567
7567
7568
7568
7571
7574
7575
7575
7577
7577
7580
7580
7583
7584
7587
7589
7589
7590
7590
7591
7593
7595
7595
7599
7599
7599
7601
7603
7607
7607
7608
7608
7612
7612
7614
7614
7614
7616
7618
7619
7619
7621
7622
7623
7623
7627
7628
7629
7629
7630
7633
7633
7633
7633
7634
7634
7635
7636
7636
7637
7637
7638
7638
7639
7639
7639
7640
7641
7642
7643
7643
7644
7646
7647
7649
7650
7650
7652
7654
7655
7656
7657
7657
7659
7659
7662
7663
7663
7663
7664
7665
7666
7666
7669
7669
7670
7671
7671
7675
7675
7676
7676
7676
7678
7678
7679
7679
7680
7682
7682
7683
7683
7685
7685
7687
7690
7692
7693
7693
7694
7696
7696
7697
7697
7698
7698
7699
7699
7700
7700
7701
7701
7703
7705
7706
7707
7709
7711
7712
7713
7715
7718
7719
7720
7721
7721
7723
7724
7725
7726
7727
7727
7727
7729
7729
7729
7730
7730
7730
7732
7733
7734
7735
7736
7737
7738
7741
7743
7743
7745
7746
7747
7748
7749
7749
7750
7754
7757
7758
7759
7759
7759
7760
7761
7763
7763
7766
7766
7766
7767
7767
7768
7770
7774
7775
7776
7777
7777
7779
7779
7781
7781
7784
7785
7785
7788
7789
7790
7790
7790
7790
7791
7792
7796
7798
7799
7800
7802
7802
7802
7805
7805
7806
7807
7810
7813
7814
7815
7816
7817
7817
7818
7819
7820
7821
7821
7822
7823
7823
7824
7824
7826
7828
7829
7829
7830
7831
7831
7832
7832
7833
7836
7836
7837
7839
7840
7840
7841
7841
7842
7842
7843
7844
7846
7846
7846
7846
7850
7852
7853
7854
7854
7855
7856
7857
7858
7859
7859
7861
7863
7864
7865
7866
7867
7870
7870
7872
7872
7873
7875
7878
7879
7880
7881
7881
7883
7883
7883
7884
7885
7887
7888
7890
7890
7890
7891
7891
7891
7892
7894
7894
7895
7896
7897
7898
7900
7902
7903
7906
7907
7907
7908
7910
7911
7912
7912
7915
7915
7916
7916
7916
7919
7920
7923
7925
7925
7926
7926
7927
7929
7930
7930
7931
7932
7933
7933
7933
7935
7935
7935
7938
7940
7943
7944
7945
7946
7947
7949
7950
7951
7951
7951
7953
7954
7954
7956
7958
7959
7960
7961
7961
7962
7962
7962
7962
7963
7964
7964
7968
7969
7971
7972
7974
7974
7975
7975
7976
7978
7980
7980
7983
7984
7987
7987
7990
7990
7991
7991
7992
7993
7994
7994
7995
7996
7997
8000
8000
8003
8003
8003
8005
8006
8006
8007
8007
8007
8008
8009
8009
8010
8010
8012
8014
8016
8017
8017
8018
8019
8019
8020
8020
8021
8022
8022
8022
8024
8024
8026
8027
8027
8027
8028
8031
8031
8032
8032
8032
8033
8034
8034
8035
8036
8036
8037
8037
8038
8038
8038
8039
8040
8041
8041
8041
8042
8045
8046
8047
8048
8049
8050
8050
8051
8051
8053
8055
8057
8057
8057
8058
8059
8061
8062
8066
8066
8069
8070
8072
8073
8074
8074
8074
8074
8075
8075
8076
8077
8078
8078
8082
8083
8083
8083
8084
8085
8085
8087
8087
8087
8087
8089
8089
8090
8091
8092
8092
8092
8092
8094
8096
8097
8099
8100
8102
8103
8103
8105
8107
8108
8108
8109
8109
8110
8110
8113
8114
8116
8116
8117
8120
8121
8121
8121
8121
8122
8123
8126
8127
8128
8128
8130
8131
8131
8134
8138
8138
8138
8138
8139
8142
8144
8144
8148
8148
8149
8149
8149
8150
8150
8150
8151
8152
8152
8153
8153
8153
8153
8155
8156
8156
8157
8158
8158
8160
8163
8164
8166
8168
8170
8172
8173
8174
8175
8176
8177
8177
8178
8178
8179
8180
8180
8181
8181
8181
8181
8181
8182
8183
8183
8184
8186
8186
8188
8190
8191
8191
8192
8196
8196
8199
8200
8200
8200
8202
8203
8203
8204
8204
8204
8205
8205
8206
8206
8208
8208
8209
8210
8210
8210
8210
8211
8213
8213
8213
8214
8214
8215
8220
8221
8221
8223
8223
8223
8224
8226
8227
8227
8229
8229
8232
8232
8233
8234
8236
8238
8240
8242
8242
8243
8244
8245
8245
8246
8246
8249
8251
8251
8254
8254
8255
8255
8255
8257
8257
8264
8264
8265
8266
8267
8268
8268
8268
8270
8271
8272
8272
8274
8274
8275
8276
8276
8277
8278
8278
8280
8280
8280
8280
8281
8281
8282
8282
8284
8285
8287
8287
8287
8289
8291
8291
8292
8292
8292
8293
8295
8295
8295
8295
8295
8295
8296
8297
8297
8298
8299
8300
8301
8301
8302
8303
8305
8307
8307
8308
8309
8309
8309
8310
8310
8311
8312
8313
8313
8314
8315
8316
8317
8319
8319
8319
8319
8321
8321
8321
8321
8322
8323
8324
8324
8324
8325
8326
8326
8327
8327
8328
8329
8329
8331
8332
8334
8336
8338
8338
8339
8340
8341
8341
8341
8342
8342
8343
8345
8346
8346
8347
8348
8351
8351
8352
8352
8353
8354
8356
8356
8358
8361
8362
8363
8364
8365
8366
8367
8369
8373
8376
8378
8378
8379
8380
8381
8381
8382
8384
8385
8386
8387
8387
8388
8388
8391
8391
8392
8394
8394
8396
8397
8397
8399
8400
8400
8401
8402
8404
8407
8408
8409
8410
8412
8412
8414
8414
8415
8416
8417
8417
8417
8418
8418
8419
8420
8420
8420
8424
8424
8425
8429
8429
8429
8430
8432
8434
8435
8435
8435
8437
8437
8438
8439
8442
8442
8445
8445
8445
8447
8448
8450
8453
8458
8459
8460
8461
8461
8462
8462
8463
8464
8465
8466
8466
8468
8468
8469
8469
8471
8476
8477
8477
8480
8483
8484
8486
8487
8490
8491
8491
8491
8492
8492
8493
8495
8495
8496
8496
8496
8499
8499
8500
8500
8501
8502
8505
8505
8505
8506
8507
8508
8510
8510
8511
8511
8512
8512
8514
8514
8515
8517
8519
8519
8519
8520
8520
8521
8522
8523
8523
8526
8526
8531
8532
8532
8533
8534
8534
8535
8538
8539
8539
8540
8540
8541
8543
8543
8544
8544
8546
8546
8547
8547
8547
8548
8549
8550
8552
8556
8559
8559
8559
8559
8561
8561
8561
8562
8563
8564
8565
8565
8565
8566
8567
8567
8568
8569
8570
8571
8573
8574
8574
8575
8577
8577
8578
8578
8578
8579
8580
8581
8581
8582
8582
8583
8584
8585
8585
8586
8587
8587
8587
8588
8589
8590
8590
8590
8590
8591
8592
8593
8593
8594
8595
8596
8597
8598
8599
8599
8602
8602
8603
8604
8605
8607
8608
8609
8611
8611
8611
8612
8612
8613
8613
8614
8615
8615
8619
8620
8621
8622
8623
8623
8623
8624
8624
8624
8628
8631
8631
8632
8632
8633
8637
8638
8639
8639
8640
8641
8642
8642
8642
8643
8643
8647
8648
8649
8652
8652
8653
8658
8658
8659
8660
8661
8662
8663
8663
8664
8664
8664
8665
8665
8668
8668
8668
8670
8670
8670
8671
8672
8673
8673
8673
8674
8674
8675
8677
8678
8678
8681
8681
8682
8682
8684
8686
8686
8689
8689
8690
8692
8695
8696
8696
8697
8698
8698
8699
8699
8701
8701
8701
8705
8706
8707
8709
8710
8712
8713
8718
8718
8719
8720
8720
8721
8723
8725
8725
8725
8725
8728
8728
8730
8731
8731
8732
8734
8734
8735
8735
8736
8736
8737
8738
8738
8739
8739
8741
8744
8744
8748
8749
8749
8750
8750
8754
8756
8756
8756
8757
8757
8758
8759
8761
8762
8762
8767
8768
8768
8768
8768
8769
8769
8770
8771
8771
8771
8771
8772
8773
8774
8776
8776
8777
8780
8780
8780
8781
8781
8782
8783
8784
8784
8785
8785
8787
8788
8791
8791
8795
8796
8796
8798
8798
8800
8801
8802
8804
8806
8806
8807
8808
8809
8811
8813
8814
8814
8814
8815
8815
8817
8817
8818
8818
8818
8818
8821
8821
8823
8824
8824
8825
8826
8826
8827
8827
8827
8827
8829
8831
8831
8833
8834
8834
8835
8837
8837
8837
8840
8840
8840
8842
8842
8842
8842
8844
8844
8845
8846
8846
8848
8848
8851
8851
8852
8852
8852
8853
8854
8854
8855
8855
8855
8856
8859
8860
8861
8862
8862
8862
8863
8864
8864
8865
8865
8865
8870
8870
8871
8871
8871
8871
8873
8873
8873
8881
8883
8883
8884
8885
8889
8889
8891
8892
8893
8896
8897
8898
8898
8899
8899
8899
8903
8905
8906
8906
8907
8910
8910
8910
8910
8911
8913
8915
8916
8917
8919
8920
8920
8921
8924
8925
8927
8927
8929
8929
8929
8931
8932
8932
8933
8936
8936
8937
8937
8937
8937
8938
8938
8939
8941
8941
8942
8942
8942
8942
8943
8943
8944
8945
8946
8947
8948
8951
8951
8952
8954
8954
8955
8957
8958
8960
8961
8961
8963
8966
8969
8969
8969
8970
8971
8972
8975
8977
8979
8980
8982
8983
8983
8985
8985
8985
8987
8988
8988
8991
8991
8994
8994
8997
8997
8998
9000
9000
9000
9000
9001
9002
9002
9002
9002
9004
9004
9006
9008
9009
9009
9009
9010
9010
9010
9010
9011
9011
9011
9012
9012
9014
9014
9016
9017
9018
9018
9018
9018
9019
9021
9021
9022
9023
9023
9024
9030
9031
9032
9033
9036
9036
9037
9037
9037
9038
9039
9041
9041
9041
9042
9044
9044
9046
9049
9049
9052
9053
9053
9054
9056
9056
9058
9058
9059
9059
9060
9061
9062
9062
9063
9065
9066
9067
9067
9067
9068
9069
9069
9069
9070
9070
9072
9073
9073
9074
9075
9075
9077
9077
9078
9078
9078
9078
9080
9081
9085
9086
9086
9089
9089
9091
9091
9091
9093
9094
9095
9097
9098
9098
9100
9103
9104
9105
9106
9106
9107
9108
9109
9110
9110
9111
9114
9114
9115
9117
9121
9121
9123
9123
9124
9125
9125
9127
9129
9129
9129
9130
9132
9132
9134
9134
9136
9136
9139
9139
9140
9140
9141
9141
9143
9143
9146
9147
9149
9149
9149
9151
9151
9152
9155
9156
9159
9159
9160
9160
9161
9162
9163
9165
9168
9170
9170
9172
9172
9173
9173
9175
9176
9176
9177
9178
9179
9183
9183
9183
9183
9184
9186
9187
9187
9188
9193
9193
9193
9193
9194
9195
9195
9196
9197
9197
9197
9197
9198
9199
9201
9201
9202
9203
9203
9205
9205
9206
9206
9207
9208
9209
9211
9212
9212
9212
9215
9215
9216
9217
9218
9219
9219
9219
9221
9222
9224
9224
9225
9227
9228
9229
9231
9233
9233
9233
9233
9234
9235
9236
9236
9237
9238
9239
9239
9240
9241
9242
9242
9243
9246
9246
9247
9247
9248
9248
9249
9249
9250
9250
9251
9253
9253
9253
9256
9257
9257
9259
9259
9260
9260
9261
9261
9261
9262
9264
9266
9270
9272
9273
9274
9274
9276
9277
9280
9280
9281
9282
9283
9284
9284
9287
9288
9289
9290
9291
9291
9292
9292
9293
9293
9294
9294
9295
9296
9297
9297
9298
9298
9298
9298
9300
9300
9302
9304
9304
9306
9308
9309
9309
9311
9311
9312
9313
9314
9315
9316
9317
9318
9319
9321
9323
9324
9325
9325
9330
9330
9331
9332
9334
9336
9336
9336
9339
9341
9342
9344
9344
9344
9347
9349
9350
9353
9353
9355
9355
9357
9358
9359
9360
9365
9365
9365
9366
9366
9366
9368
9371
9372
9374
9375
9375
9376
9376
9377
9377
9377
9379
9380
9380
9381
9383
9383
9383
9385
9386
9386
9387
9391
9393
9395
9395
9399
9402
9403
9403
9404
9404
9406
9407
9407
9408
9409
9409
9411
9413
9413
9413
9414
9416
9417
9419
9422
9422
9424
9425
9426
9427
9428
9429
9433
9435
9435
9437
9441
9443
9443
9443
9443
9446
9448
9448
9449
9449
9450
9450
9451
9451
9453
9454
9454
9454
9455
9457
9457
9458
9459
9461
9461
9462
9463
9463
9464
9464
9468
9470
9471
9471
9472
9475
9476
9476
9477
9480
9482
9482
9484
9484
9486
9487
9488
9489
9490
9491
9491
9492
9493
9495
9495
9496
9496
9497
9497
9498
9500
9500
9500
9501
9504
9506
9508
9508
9511
9511
9511
9511
9512
9513
9515
9515
9515
9517
9517
9518
9518
9519
9519
9519
9519
9519
9521
9522
9523
9524
9526
9527
9527
9528
9529
9530
9530
9531
9531
9532
9533
9535
9535
9536
9536
9537
9537
9538
9539
9542
9542
9544
9545
9545
9546
9546
9546
9546
9548
9550
9554
9556
9557
9557
9557
9558
9558
9559
9559
9561
9564
9565
9567
9568
9568
9574
9575
9577
9577
9578
9578
9579
9579
9580
9582
9583
9584
9585
9585
9587
9588
9589
9592
9594
9596
9596
9599
9599
9601
9601
9602
9602
9604
9606
9607
9608
9608
9609
9609
9610
9611
9612
9612
9612
9613
9614
9614
9615
9616
9616
9616
9616
9619
9620
9620
9622
9623
9623
9624
9624
9624
9626
9626
9627
9628
9630
9630
9631
9634
9636
9636
9637
9637
9637
9637
9638
9639
9639
9639
9643
9644
9644
9645
9646
9646
9646
9653
9654
9656
9657
9657
9657
9658
9660
9662
9662
9664
9665
9665
9666
9667
9669
9669
9670
9672
9674
9675
9675
9675
9675
9676
9677
9678
9679
9680
9683
9683
9683
9684
9686
9687
9687
9688
9688
9689
9689
9690
9692
9693
9693
9695
9696
9696
9697
9698
9700
9704
9704
9706
9706
9706
9707
9709
9710
9710
9711
9711
9711
9712
9712
9712
9712
9713
9714
9714
9715
9716
9717
9717
9718
9718
9719
9719
9721
9723
9724
9725
9725
9726
9726
9729
9730
9730
9730
9732
9733
9733
9733
9734
9735
9737
9738
9738
9738
9740
9741
9741
9742
9746
9746
9746
9747
9748
9748
9750
9751
9751
9753
9755
9756
9756
9757
9758
9758
9758
9758
9759
9759
9759
9760
9760
9760
9761
9762
9763
9764
9765
9766
9766
9766
9767
9767
9768
9769
9769
9770
9771
9771
9772
9774
9775
9776
9776
9776
9777
9777
9777
9778
9780
9780
9780
9782
9782
9783
9784
9784
9784
9785
9785
9786
9787
9788
9788
9789
9789
9792
9792
9792
9793
9793
9794
9796
9797
9798
9798
9798
9799
9802
9802
9802
9802
9803
9804
9808
9809
9811
9812
9814
9816
9818
9818
9819
9819
9821
9821
9821
9822
9822
9823
9824
9824
9824
9824
9825
9828
9829
9829
9832
9833
9833
9839
9840
9842
9843
9843
9843
9844
9844
9845
9846
9847
9848
9848
9849
9850
9851
9851
9853
9854
9855
9856
9857
9858
9859
9863
9866
9866
9866
9869
9871
9874
9874
9877
9877
9878
9878
9880
9880
9886
9887
9890
9891
9891
9893
9895
9895
9895
9895
9895
9898
9899
9899
9903
9903
9903
9904
9904
9904
9905
9905
9906
9907
9908
9908
9908
9908
9909
9910
9913
9913
9914
9914
9914
9915
9917
9918
9918
9918
9919
9920
9920
9921
9921
9926
9926
9926
9927
9927
9928
9928
9930
9930
9932
9932
9932
9933
9934
9934
9935
9935
9935
9937
9937
9937
9938
9940
9940
9940
9940
9941
9941
9942
9942
9943
9944
9945
9946
9946
9946
9947
9951
9952
9952
9954
9955
9956
9956
9956
9957
9957
9957
9958
9960
9962
9964
9964
9965
9967
9968
9971
9972
9972
9972
9972
9973
9973
9975
9976
9977
9979
9979
9981
9982
9982
9982
9983
9984
9985
9987
9987
9988
9989
9990
9992
9992
9994
9995
9995
9996
9998
10000
10000
10000
